variable average deviations followed by standard deviations
          10      24       8
number of stations, hours, variables x 2 (avg + stddev)
  hour   readest  princest      14st      35st     57stE     57stW   81stCPW    120stE    120stW     145st
Tdif
     0     -0.16     -0.00      0.03      0.52      0.66      0.08     -0.82     -0.10     -0.15     -0.07
     1     -0.14      0.00      0.05      0.53      0.65     -0.01     -0.80     -0.07     -0.11     -0.11
     2     -0.09     -0.01      0.08      0.56      0.69     -0.04     -0.83     -0.09     -0.09     -0.18
     3     -0.06     -0.00      0.10      0.60      0.71     -0.05     -0.84     -0.10     -0.11     -0.24
     4     -0.05      0.01      0.11      0.60      0.74     -0.05     -0.86     -0.12     -0.14     -0.25
     5     -0.03     -0.03      0.15      0.63      0.83     -0.06     -0.89     -0.15     -0.17     -0.28
     6      0.02     -0.03      0.12      0.69      0.90     -0.04     -0.90     -0.19     -0.24     -0.33
     7     -0.01     -0.09      0.07      0.72      0.84     -0.07     -0.79     -0.13     -0.24     -0.29
     8     -0.20     -0.23     -0.05      0.61      0.63     -0.24     -0.69      0.16     -0.00      0.03
     9     -0.54     -0.31     -0.20      0.71      0.66     -0.46     -0.52     -0.04      0.50      0.20
    10     -0.56     -0.10     -0.31      0.91      0.97     -0.62     -0.64     -0.35      0.57      0.14
    11     -0.25      0.05     -0.35      0.67      0.67     -0.52     -0.73     -0.35      0.64      0.16
    12     -0.11      0.17     -0.37      0.34      0.53     -0.53     -0.56     -0.22      0.60      0.16
    13      0.13      0.37     -0.43      0.24      0.42     -0.57     -0.61     -0.11      0.48      0.09
    14      0.06      0.58     -0.38      0.24      0.33     -0.43     -0.60     -0.14      0.32      0.02
    15     -0.05      0.54     -0.30      0.22      0.30     -0.33     -0.60     -0.06      0.18      0.09
    16     -0.14      0.47     -0.26      0.16      0.38     -0.25     -0.61     -0.03      0.07      0.20
    17     -0.20      0.36     -0.25      0.15      0.47     -0.15     -0.70     -0.01      0.06      0.29
    18     -0.26      0.31     -0.21      0.19      0.49     -0.00     -0.77     -0.03      0.02      0.27
    19     -0.24      0.25     -0.07      0.25      0.46      0.10     -0.83     -0.07     -0.05      0.21
    20     -0.19      0.21      0.14      0.32      0.45      0.14     -0.89     -0.14     -0.14      0.10
    21     -0.13      0.15      0.23      0.40      0.46      0.16     -0.96     -0.16     -0.20      0.04
    22     -0.15      0.06      0.18      0.47      0.53      0.16     -0.99     -0.11     -0.17      0.03
    23     -0.17      0.02      0.05      0.55      0.62      0.15     -0.93     -0.11     -0.16     -0.03
DPdif
     0      0.32     -0.00     -0.05      0.04     -0.10     -0.05      0.07     -0.11      0.01     -0.13
     1      0.27     -0.01     -0.06     -0.02     -0.08     -0.06      0.09     -0.09      0.05     -0.08
     2      0.28      0.00     -0.03     -0.01     -0.10     -0.09      0.10     -0.11      0.05     -0.09
     3      0.26     -0.01     -0.06     -0.03     -0.09     -0.08      0.12     -0.11      0.05     -0.07
     4      0.24     -0.02     -0.08     -0.04     -0.10     -0.08      0.11     -0.07      0.07     -0.03
     5      0.23     -0.02     -0.07     -0.02     -0.09     -0.09      0.08     -0.06      0.05     -0.02
     6      0.25     -0.01     -0.06      0.03     -0.06     -0.08      0.08     -0.10      0.02     -0.07
     7      0.24     -0.00     -0.09      0.01     -0.06     -0.10      0.11     -0.07      0.04     -0.08
     8      0.17     -0.05     -0.13      0.00     -0.04     -0.08      0.12     -0.05      0.11     -0.05
     9      0.18     -0.06     -0.16      0.08     -0.07     -0.08      0.04     -0.06      0.21     -0.08
    10      0.24     -0.09     -0.21      0.02     -0.11     -0.05      0.05     -0.04      0.26     -0.07
    11      0.30     -0.13     -0.23     -0.05     -0.10     -0.02      0.16     -0.06      0.23     -0.10
    12      0.37     -0.09     -0.19     -0.10     -0.08     -0.09      0.17     -0.04      0.21     -0.18
    13      0.47     -0.00     -0.13     -0.03     -0.06     -0.10      0.10     -0.12      0.13     -0.26
    14      0.47     -0.05     -0.15     -0.05     -0.05     -0.06      0.11     -0.09      0.14     -0.26
    15      0.43     -0.09     -0.15     -0.03     -0.03     -0.06      0.14     -0.09      0.14     -0.27
    16      0.42     -0.10     -0.14      0.01     -0.00     -0.09      0.12     -0.09      0.15     -0.26
    17      0.46     -0.07     -0.11      0.07      0.06     -0.09      0.11     -0.13      0.04     -0.35
    18      0.47     -0.02     -0.05      0.11      0.02     -0.10      0.13     -0.18      0.02     -0.39
    19      0.41     -0.06     -0.04      0.15      0.04     -0.08      0.13     -0.14     -0.04     -0.37
    20      0.39     -0.05     -0.05      0.12      0.04     -0.13      0.15     -0.13     -0.04     -0.30
    21      0.28     -0.11     -0.08      0.07     -0.01     -0.12      0.14     -0.03      0.04     -0.19
    22      0.29     -0.08     -0.06      0.11     -0.00     -0.14      0.13     -0.07     -0.01     -0.18
    23      0.34     -0.04     -0.06      0.07     -0.05     -0.12      0.09     -0.08      0.01     -0.16
RHdif
     0      1.85     -0.08     -0.33     -1.78     -2.91     -0.62      3.47      0.05      0.66     -0.32
     1      1.65     -0.12     -0.47     -2.10     -2.87     -0.29      3.60     -0.04      0.63      0.01
     2      1.51     -0.03     -0.49     -2.19     -3.13     -0.29      3.88     -0.08      0.55      0.28
     3      1.34     -0.10     -0.66     -2.50     -3.24     -0.23      4.12     -0.02      0.66      0.63
     4      1.23     -0.15     -0.77     -2.63     -3.49     -0.27      4.21      0.19      0.85      0.83
     5      1.14      0.00     -0.92     -2.70     -3.85     -0.23      4.28      0.38      0.92      0.98
     6      1.01      0.07     -0.82     -2.78     -4.11     -0.31      4.40      0.36      1.11      1.06
     7      1.12      0.35     -0.71     -2.97     -3.86     -0.25      4.04      0.23      1.21      0.84
     8      1.58      0.75     -0.33     -2.50     -2.88      0.55      3.56     -0.85      0.50     -0.39
     9      2.78      0.90      0.08     -2.38     -2.84      1.32      2.39     -0.14     -1.01     -1.10
    10      2.87     -0.09      0.27     -3.04     -3.70      1.86      2.59      1.02     -1.00     -0.78
    11      1.81     -0.73      0.29     -2.36     -2.45      1.52      3.13      0.91     -1.22     -0.91
    12      1.58     -0.90      0.49     -1.43     -1.91      1.25      2.52      0.53     -1.08     -1.05
    13      1.12     -1.19      0.83     -0.88     -1.47      1.27      2.42     -0.07     -0.91     -1.13
    14      1.22     -1.94      0.54     -0.91     -1.23      0.95      2.42      0.18     -0.38     -0.85
    15      1.43     -1.88      0.34     -0.73     -1.14      0.68      2.46     -0.05     -0.05     -1.08
    16      1.61     -1.74      0.21     -0.46     -1.25      0.37      2.38     -0.09      0.30     -1.33
    17      1.93     -1.38      0.25     -0.29     -1.33      0.16      2.69     -0.29      0.05     -1.79
    18      2.30     -1.10      0.40     -0.27     -1.55     -0.43      2.95     -0.40      0.04     -1.94
    19      2.18     -1.05      0.07     -0.29     -1.45     -0.66      3.20     -0.20      0.05     -1.85
    20      2.06     -0.91     -0.65     -0.63     -1.47     -1.01      3.59      0.07      0.33     -1.37
    21      1.56     -0.96     -1.09     -1.07     -1.70     -1.11      3.97      0.47      0.82     -0.90
    22      1.71     -0.54     -0.85     -1.22     -1.93     -1.22      4.11      0.21      0.59     -0.86
    23      1.92     -0.27     -0.43     -1.72     -2.52     -1.13      3.87      0.16      0.68     -0.56
Idif
     0      0.00      0.00      0.00      0.00      0.00      0.00      0.00      0.00      0.00      0.00
     1      0.00      0.00      0.00      0.00      0.00      0.00      0.00      0.00      0.00      0.00
     2      0.00      0.00      0.00      0.00      0.00      0.00      0.00      0.00      0.00      0.00
     3      0.00      0.00      0.00      0.00      0.00      0.00      0.00      0.00      0.00      0.00
     4      0.00      0.00      0.00      0.00      0.00      0.00      0.00      0.00      0.00      0.00
     5      0.00      0.00      0.00     -0.00     -0.00     -0.00     -0.00      0.00      0.00      0.00
     6     -0.11      0.04      0.15     -0.65     -0.82     -0.99     -0.20     -0.17      1.85      0.90
     7     -3.89     -1.87     -0.99     -5.41     -6.36     -6.75      0.70      4.04     10.33     10.19
     8    -32.01    -18.65     28.20    -21.43    -19.57    -27.07    -17.09    -10.71     72.57     45.76
     9    -84.99     16.80    124.60    -15.13    -17.02    -89.37     -3.67    -80.01    169.43    -20.65
    10    -49.52    121.25    126.23    -89.43     88.73   -154.24    -81.15   -169.22    194.47     12.88
    11     37.56     38.31     46.48    -58.13     29.48   -133.07   -112.98   -202.72    236.24    118.83
    12    -49.34     90.92    -42.63    -94.22     70.66   -137.46     -7.60   -166.93    237.65     98.96
    13     99.32    211.48   -108.47    -36.11    -33.33   -137.96   -101.92   -128.45    205.25     30.19
    14    -38.07    177.95    -41.19    -11.03    -47.19    -69.09    -50.19    -68.53    164.55    -17.21
    15     -6.37     46.25     -9.44     -9.68    -30.84    -36.94    -14.81    -34.84     84.36     12.31
    16      1.45     17.92     -0.32     -4.11    -28.07    -24.42     -4.67      5.15     18.37     18.69
    17      9.57     16.63      6.08     -6.21    -23.78    -11.69    -20.53     -9.45     17.24     22.14
    18     10.05     11.76      3.62     -5.38    -16.51     -7.07    -14.72     -4.84     10.91     12.19
    19      5.95      5.35      2.09     -3.07     -7.77     -3.10     -7.03     -2.33      5.10      4.80
    20      1.02      0.80      0.19     -0.66     -1.45     -0.58     -1.27     -0.41      1.20      1.18
    21      0.00      0.00      0.00     -0.00     -0.00     -0.00     -0.00     -0.00      0.00      0.00
    22      0.00      0.00      0.00      0.00      0.00      0.00      0.00      0.00      0.00      0.00
    23      0.00      0.00      0.00      0.00      0.00      0.00      0.00      0.00      0.00      0.00
Tsd
     0      0.42      0.31      0.35      0.22      0.35      0.25      0.62      0.28      0.26      0.34
     1      0.44      0.31      0.38      0.22      0.33      0.21      0.62      0.29      0.28      0.32
     2      0.42      0.31      0.38      0.28      0.40      0.21      0.61      0.25      0.26      0.31
     3      0.40      0.31      0.38      0.28      0.39      0.21      0.61      0.23      0.25      0.31
     4      0.39      0.30      0.41      0.29      0.42      0.22      0.64      0.23      0.26      0.31
     5      0.41      0.33      0.40      0.32      0.45      0.24      0.66      0.24      0.26      0.30
     6      0.41      0.35      0.37      0.36      0.48      0.27      0.64      0.26      0.26      0.31
     7      0.43      0.32      0.37      0.39      0.46      0.27      0.46      0.30      0.28      0.34
     8      0.41      0.36      0.35      0.27      0.42      0.29      0.30      0.36      0.33      0.32
     9      0.61      0.45      0.34      0.40      0.68      0.46      0.40      0.35      0.60      0.46
    10      0.77      0.40      0.42      0.50      0.59      0.52      0.33      0.38      0.55      0.49
    11      0.61      0.40      0.44      0.41      0.51      0.40      0.50      0.41      0.58      0.51
    12      0.55      0.36      0.40      0.31      0.40      0.39      0.60      0.35      0.57      0.51
    13      0.55      0.40      0.45      0.32      0.32      0.38      0.53      0.35      0.60      0.48
    14      0.57      0.45      0.47      0.32      0.30      0.32      0.56      0.37      0.61      0.53
    15      0.51      0.39      0.38      0.30      0.28      0.28      0.48      0.31      0.49      0.49
    16      0.52      0.33      0.37      0.30      0.30      0.24      0.45      0.32      0.37      0.40
    17      0.57      0.37      0.37      0.29      0.41      0.30      0.56      0.32      0.36      0.45
    18      0.56      0.36      0.39      0.30      0.49      0.28      0.50      0.31      0.37      0.47
    19      0.55      0.38      0.39      0.30      0.41      0.29      0.51      0.32      0.39      0.51
    20      0.46      0.31      0.34      0.28      0.32      0.32      0.64      0.26      0.30      0.49
    21      0.50      0.32      0.40      0.30      0.31      0.31      0.66      0.35      0.34      0.45
    22      0.46      0.31      0.39      0.28      0.32      0.31      0.77      0.29      0.30      0.41
    23      0.41      0.31      0.35      0.25      0.34      0.30      0.73      0.27      0.27      0.39
DPsd
     0      0.38      0.26      0.23      0.22      0.22      0.25      0.26      0.38      0.30      0.32
     1      0.34      0.25      0.20      0.22      0.19      0.16      0.27      0.28      0.24      0.29
     2      0.35      0.29      0.26      0.25      0.22      0.16      0.29      0.29      0.24      0.28
     3      0.30      0.21      0.20      0.25      0.17      0.18      0.27      0.24      0.21      0.24
     4      0.23      0.20      0.22      0.25      0.23      0.18      0.26      0.23      0.21      0.26
     5      0.22      0.17      0.22      0.26      0.23      0.21      0.28      0.26      0.24      0.29
     6      0.25      0.21      0.26      0.29      0.22      0.20      0.31      0.25      0.26      0.29
     7      0.32      0.27      0.25      0.31      0.22      0.28      0.33      0.23      0.21      0.26
     8      0.31      0.26      0.23      0.28      0.23      0.27      0.33      0.24      0.20      0.23
     9      0.29      0.26      0.22      0.25      0.20      0.19      0.29      0.24      0.25      0.27
    10      0.34      0.29      0.22      0.25      0.20      0.19      0.29      0.27      0.26      0.26
    11      0.40      0.32      0.22      0.25      0.20      0.19      0.30      0.26      0.25      0.29
    12      0.36      0.29      0.25      0.24      0.21      0.23      0.28      0.36      0.26      0.30
    13      0.41      0.29      0.27      0.23      0.21      0.22      0.27      0.30      0.29      0.31
    14      0.47      0.34      0.28      0.29      0.24      0.22      0.32      0.34      0.27      0.42
    15      0.43      0.26      0.25      0.22      0.19      0.18      0.29      0.30      0.25      0.41
    16      0.51      0.32      0.24      0.20      0.19      0.20      0.27      0.30      0.27      0.36
    17      0.54      0.41      0.33      0.33      0.34      0.26      0.42      0.33      0.44      0.56
    18      0.47      0.33      0.29      0.25      0.21      0.24      0.40      0.36      0.29      0.47
    19      0.41      0.35      0.34      0.35      0.23      0.32      0.39      0.39      0.40      0.54
    20      0.40      0.30      0.26      0.26      0.24      0.38      0.45      0.32      0.27      0.43
    21      0.41      0.36      0.31      0.26      0.18      0.35      0.46      0.36      0.25      0.28
    22      0.42      0.33      0.25      0.23      0.19      0.37      0.44      0.34      0.28      0.31
    23      0.54      0.31      0.26      0.21      0.25      0.27      0.33      0.38      0.31      0.32
RHsd
     0      2.36      1.75      1.75      1.37      1.55      1.57      2.91      1.98      1.81      1.93
     1      2.33      1.69      1.76      1.33      1.49      1.24      3.13      1.82      1.71      1.87
     2      2.30      1.86      1.97      1.72      1.88      1.30      3.39      1.63      1.72      1.85
     3      2.01      1.68      1.85      1.77      1.75      1.36      3.41      1.46      1.55      1.67
     4      1.84      1.59      2.07      1.91      1.91      1.33      3.41      1.46      1.66      1.81
     5      1.96      1.73      2.03      2.04      2.06      1.48      3.53      1.57      1.70      1.85
     6      2.05      1.89      2.11      2.28      2.17      1.61      3.67      1.61      1.80      1.98
     7      2.32      1.85      2.10      2.45      2.08      1.88      3.16      1.66      1.71      2.00
     8      2.27      1.95      1.86      1.82      1.85      1.78      2.30      1.86      1.66      1.61
     9      2.86      2.11      1.72      1.90      2.53      2.06      2.02      1.82      2.35      2.12
    10      3.35      1.91      1.84      1.93      2.02      2.05      1.51      1.85      2.17      2.28
    11      2.88      1.86      1.87      1.47      1.49      1.42      2.03      1.68      2.07      2.25
    12      2.47      1.69      1.74      1.20      1.16      1.37      2.02      1.74      1.97      2.23
    13      2.38      1.79      2.03      1.36      0.93      1.32      2.08      1.62      2.15      2.21
    14      2.58      2.02      2.10      1.58      1.18      1.26      2.37      1.84      2.29      2.73
    15      2.20      1.41      1.48      1.38      1.29      0.92      1.92      1.47      1.80      2.26
    16      2.32      1.38      1.44      1.26      1.20      0.95      1.90      1.45      1.51      1.81
    17      2.60      1.87      1.70      1.59      1.89      1.26      3.18      1.56      1.93      2.47
    18      2.46      1.73      1.63      1.42      1.56      1.17      2.96      1.60      1.76      2.41
    19      2.51      1.98      2.01      1.82      1.57      1.48      2.78      1.90      2.23      2.77
    20      2.28      1.65      1.64      1.57      1.42      1.89      3.68      1.62      1.70      2.59
    21      2.61      2.06      1.87      1.74      1.24      1.98      3.65      2.09      1.77      2.15
    22      2.57      1.91      1.86      1.46      1.17      2.13      3.70      1.89      1.68      2.05
    23      2.48      1.80      1.77      1.41      1.61      1.90      3.34      1.91      1.87      2.10
Isd
     0      0.00      0.00      0.00      0.00      0.00      0.00      0.00      0.00      0.00      0.00
     1      0.00      0.00      0.00      0.00      0.00      0.00      0.00      0.00      0.00      0.00
     2      0.00      0.00      0.00      0.00      0.00      0.00      0.00      0.00      0.00      0.00
     3      0.00      0.00      0.00      0.00      0.00      0.00      0.00      0.00      0.00      0.00
     4      0.00      0.00      0.00      0.00      0.00      0.00      0.00      0.00      0.00      0.00
     5      0.00      0.00      0.00      0.00      0.00      0.00      0.00      0.01      0.01      0.00
     6      0.46      0.48      0.54      0.77      1.00      1.14      0.85      0.42      2.19      1.11
     7      4.60      4.29      2.52      3.76      3.46      4.10      4.97      6.72      8.02      8.54
     8     34.67     39.59     42.94     24.77     28.82     15.28     20.22     20.86     52.25     48.80
     9     77.36     61.24    112.89     89.28     84.54     64.43     66.73     53.63    113.59     53.32
    10    100.00     85.24    114.38    128.66    121.20    104.68     69.06    108.15    113.47     82.41
    11    102.56     94.07     96.16     60.58    116.26     89.59    208.28    157.93    151.93     82.17
    12     75.58    109.06     88.12     95.38    142.56     97.35    183.35    141.02    162.53    133.99
    13     89.76    188.72    105.87     84.17     53.36    104.79     81.94     89.99    193.57    123.06
    14     56.67    201.06     53.91     56.05     55.21     54.33     52.71     49.68    182.26     58.76
    15     22.34     44.81     18.64     18.28     24.15     21.10     31.04     16.89    108.78     27.30
    16     10.88     16.44     11.40     10.65     11.03      9.24     37.85     54.08     24.57     17.31
    17      7.46      9.23      7.86      7.20      7.88      6.04      8.87      7.20     15.82     11.25
    18      7.65      7.99      5.13      4.10      6.89      5.18      6.89      5.44     10.09      7.47
    19      5.25      4.89      3.81      2.44      4.99      2.82      4.74      2.96      5.27      4.93
    20      1.54      1.16      0.69      0.77      1.75      0.72      1.56      0.92      1.70      2.04
    21      0.02      0.01      0.01      0.01      0.01      0.01      0.01      0.01      0.02      0.01
    22      0.00      0.00      0.00      0.00      0.00      0.00      0.00      0.00      0.00      0.00
    23      0.00      0.00      0.00      0.00      0.00      0.00      0.00      0.00      0.00      0.00
