Observations: differences from average, differences normalized by SD;  Lat, Lon, surface parameters
variable count, bins per route, route count  (xdim, ydim, zdim with line count = ydim*zdim)
          16      20.0000      8.00000
       Tdiff        Tdev      RHdiff       RHdev      DPdiff       DPdev         lat         lon        NDVI   greenness      albedo  brightness   Bareafrac     Bheight   elevation   water500m
     -1.7267     -1.5841      0.0150     -0.0562      4.1775      1.1831     40.8267    -73.9513      0.6125      0.0014      0.1176      0.2495      0.5756     19.1511     29.0931      0.1474
     -1.0308     -0.9736     -0.0850     -0.0904      2.1700      0.5967     40.8261    -73.9499      0.5932     -0.0183      0.1334      0.2851      0.6614     19.9797     35.6231      0.0590
     -1.1233     -1.0573     -0.1450     -0.2333      2.2017      0.6124     40.8255    -73.9485      0.1964     -0.0965      0.1528      0.3382      0.6578     18.4637     38.7750      0.0023
     -0.9467     -0.8209     -0.1383     -0.1354      1.7008      0.4799     40.8249    -73.9470      0.1607     -0.0955      0.1398      0.3120      0.6085     13.3459     34.2908      0.0000
     -0.6750     -0.6623     -0.0342     -0.1276      1.3058      0.4005     40.8242    -73.9454      0.3017     -0.0639      0.1334      0.2958      0.5808     20.2063     27.0959      0.0000
     -0.6042     -0.5913     -0.2000     -0.2221      0.8075      0.2257     40.8235    -73.9438      0.3379     -0.0578      0.1587      0.3503      0.6194     28.8484     15.8871      0.0000
     -0.4475     -0.4428     -0.1167     -0.1451      0.6742      0.1988     40.8228    -73.9422      0.1875     -0.1025      0.1630      0.3640      0.6330     28.7458      8.3620      0.0000
      0.0458      0.1260      0.1267      0.1978      0.0267     -0.0093     40.8222    -73.9407      0.1807     -0.0870      0.1259      0.2823      0.6315     20.9117      7.7014      0.0023
      0.2408      0.1956     -0.2525     -0.3726     -1.4283     -0.4597     40.8216    -73.9393      0.2292     -0.0837      0.1498      0.3303      0.6390     21.6406      7.6719      0.0658
      0.1908      0.1621     -0.7408     -0.7194     -2.3425     -0.7566     40.8211    -73.9379      0.1811     -0.1057      0.1602      0.3576      0.5774     17.1514      5.7765      0.2086
      0.5375      0.4527     -0.7392     -0.7125     -2.9733     -0.9287     40.8204    -73.9368      0.2219     -0.0870      0.1378      0.3065      0.5053     29.6026      5.6659      0.3016
      0.3475      0.2887     -1.1600     -1.1722     -3.2317     -1.0635     40.8194    -73.9368      0.2333     -0.0897      0.1385      0.3096      0.5099     17.9311      4.0659      0.2993
     -0.3058     -0.3236     -1.5142     -1.3537     -2.2733     -0.7837     40.8186    -73.9358      0.2224     -0.0831      0.1380      0.3053      0.2030      4.8092      2.6369      0.3220
     -0.1275     -0.1793     -1.1458     -0.9158     -1.6467     -0.5915     40.8177    -73.9347      0.1808     -0.1082      0.1946      0.4365      0.3843      8.4275      1.3482      0.3061
     -0.2383     -0.2802     -1.1567     -1.0341     -1.5625     -0.5948     40.8165    -73.9350      0.4404     -0.0505      0.1251      0.2720      0.6861     12.0000      1.6599      0.2902
     -0.2183     -0.1989     -0.8017     -0.7519     -1.3092     -0.3967     40.8157    -73.9361      0.3923     -0.0419      0.1056      0.2287      0.4453     37.6052      2.9668      0.2857
     -0.3683     -0.3399     -0.6558     -0.7090     -0.9892     -0.3016     40.8160    -73.9376      0.1563     -0.1086      0.2047      0.4595      0.3712     41.8277      4.2826      0.2063
      0.0900     -0.0291     -0.4492     -0.5973     -1.4667     -0.3948     40.8167    -73.9393      0.2210     -0.0849      0.1431      0.3188      0.5970     21.6128      5.2696      0.0635
      0.1433      0.0389     -0.5108     -0.5666     -1.4550     -0.4199     40.8174    -73.9410      0.2414     -0.0782      0.1461      0.3236      0.6180     25.6980      7.0888      0.0000
     -0.1042     -0.1410     -0.6483     -0.6869     -1.4892     -0.4129     40.8184    -73.9433      0.2541     -0.0763      0.1482      0.3269      0.6028     21.4174      8.7730      0.0000
     -0.7247     -0.7831     -0.4059     -0.5066      0.5176      0.2535     40.8109    -73.9630      0.9103      0.0787      0.1284      0.2595      0.5190     27.1684     35.6290      0.1088
     -0.2818     -0.4129     -0.0824     -0.2072      0.3588      0.1891     40.8102    -73.9614      0.3564     -0.0505      0.1141      0.2506      0.5746     27.8155     34.6828      0.0317
     -0.3447     -0.4871     -0.2324     -0.3938      0.3194      0.1558     40.8095    -73.9597      0.2801     -0.0634      0.1373      0.3047      0.6234     30.0687     32.8766      0.0000
      0.0006     -0.1327      0.1976      0.0707      0.6053      0.2303     40.8089    -73.9580      0.2122     -0.0766      0.1189      0.2605      0.6573     27.1081     34.9108      0.0000
     -0.4259     -0.5168      0.0447     -0.0792      1.3629      0.4357     40.8084    -73.9568      0.1667     -0.0940      0.1429      0.3200      0.7422     17.3039     12.1042      0.0000
     -0.1688     -0.2522      0.1429      0.0067      0.8241      0.2733     40.8078    -73.9554      0.5432     -0.0019      0.1503      0.3205      0.6815     18.6771     10.4320      0.0000
      0.1018     -0.0485      0.2206      0.0368      0.1529      0.1051     40.8071    -73.9537      0.2568     -0.0681      0.1442      0.3235      0.6287     21.0343      9.3955      0.0000
      0.1453      0.0153     -0.1388     -0.3187     -0.6965     -0.2211     40.8063    -73.9520      0.2001     -0.0895      0.1495      0.3326      0.6006     22.6232      8.6730      0.0000
      0.0776     -0.0149     -0.1918     -0.3391     -0.7206     -0.2242     40.8056    -73.9503      0.1737     -0.0963      0.1691      0.3791      0.6289     17.8860      8.3805      0.0000
      0.2000      0.1015      0.0088     -0.1831     -0.4776     -0.1628     40.8049    -73.9486      0.3482     -0.0622      0.1714      0.3757      0.5659     12.8859      7.9795      0.0000
      0.0806     -0.0298     -0.1500     -0.3864     -0.6112     -0.1940     40.8042    -73.9469      0.2875     -0.0654      0.1429      0.3151      0.5705     14.7513      7.1757      0.0000
     -0.1859     -0.3207     -0.0065     -0.2514      0.4971      0.1254     40.8035    -73.9452      0.3231     -0.0645      0.1589      0.3490      0.5356     33.3827      8.0919      0.0000
      0.0100     -0.1795      0.2635      0.0150      0.7424      0.2373     40.8028    -73.9436      0.3215     -0.0771      0.1331      0.2933      0.2740     69.6797      8.7740      0.0000
     -0.0953     -0.2011     -0.0171     -0.2191      0.2029      0.0895     40.8022    -73.9421      0.2580     -0.0760      0.1804      0.4022      0.5015     14.6292      8.8378      0.0000
      0.2700      0.1515      0.2988      0.1158      0.0076      0.0777     40.8015    -73.9406      0.2936     -0.0604      0.1390      0.3066      0.5051     40.2236      7.4081      0.0000
      0.4241      0.2763      0.0471     -0.1595     -0.8500     -0.2226     40.8009    -73.9391      0.3686     -0.0487      0.1237      0.2707      0.7372     13.7211      5.5661      0.0000
      0.6918      0.4602      0.1471     -0.1036     -1.2112     -0.2973     40.8002    -73.9376      0.2418     -0.0803      0.1575      0.3521      0.6518     28.3277      4.8727      0.0000
      0.7659      0.4880      0.1394     -0.1106     -1.2247     -0.3032     40.7996    -73.9361      0.1854     -0.0961      0.1634      0.3674      0.5844     35.9519      4.0558      0.0023
      0.9212      0.5596      0.1688     -0.0913     -1.2800     -0.3555     40.7989    -73.9345      0.3420     -0.0540      0.1387      0.3032      0.3048     36.1334      2.7781      0.1066
      0.8271      0.4727      0.1629     -0.0261     -0.8282     -0.2256     40.7981    -73.9326      0.2749     -0.0733      0.1577      0.3468      0.4107     38.1771      2.9829      0.2562
     -0.7300     -0.6513      0.3853      0.2912      2.2688      0.6497     40.7838    -73.9801      0.3005     -0.0638      0.1220      0.2684      0.6572     30.0160     21.9947      0.0431
     -0.2029     -0.1812      0.3288      0.2727      1.2294      0.2470     40.7830    -73.9783      0.2942     -0.0683      0.1195      0.2637      0.6216     41.0683     24.1636      0.0000
     -0.3171     -0.3643      0.0435     -0.0463      0.9094      0.1286     40.7823    -73.9765      0.3206     -0.0542      0.1028      0.2237      0.6893     25.3278     27.0408      0.0000
     -0.5612     -0.5893      0.0353     -0.0012      1.6641      0.3683     40.7825    -73.9751      0.3314     -0.0531      0.1033      0.2254      0.6600     22.7358     26.2730      0.0000
     -0.6406     -0.5819      0.1876      0.1633      2.1106      0.5222     40.7828    -73.9737      0.2861     -0.0635      0.1298      0.2844      0.6480     35.8398     26.5735      0.0000
     -0.6700     -0.5699      0.4059      0.4297      2.7259      0.7608     40.7822    -73.9722      0.8479      0.0826      0.1435      0.2938      0.6852     43.7145     27.9114      0.0000
     -0.3171     -0.2839      0.6941      0.6719      2.5688      0.7078     40.7814    -73.9708      0.7749      0.0404      0.1207      0.2502      0.2386     13.9462     27.0729      0.0000
     -0.4359     -0.4214      0.8594      0.8039      3.3824      0.8807     40.7805    -73.9694      0.7877      0.0566      0.1316      0.2705      0.0000      0.0000     31.0279      0.0000
     -0.6894     -0.6364      1.0159      0.9789      4.3459      1.2933     40.7796    -73.9681      0.7463      0.0422      0.1310      0.2739      0.0000      0.0000     31.8669      0.0000
     -0.3012     -0.2506      1.4518      1.4437      4.3988      1.3831     40.7788    -73.9667      0.7945      0.0307      0.1056      0.2183      0.0000      0.0000     33.0238      0.0000
     -0.0235     -0.0648      1.1194      1.0801      3.0288      0.8718     40.7779    -73.9653      0.8368      0.0833      0.1463      0.3006      0.0000      0.0000     23.7019      0.0000
     -0.4871     -0.4597      0.6618      0.6949      2.8124      0.8751     40.7770    -73.9640      0.8221      0.0702      0.1359      0.2789      0.7428     49.7376     22.8269      0.0000
     -0.1394     -0.1332      0.6788      0.7310      2.1176      0.6149     40.7763    -73.9623      0.2462     -0.0641      0.1041      0.2294      0.6657     38.5616     22.9484      0.0000
     -0.2118     -0.1887      0.3612      0.3833      1.5676      0.3474     40.7755    -73.9605      0.3248     -0.0532      0.1042      0.2272      0.6011     49.3327     21.4696      0.0000
     -0.2871     -0.2384      0.2300      0.2962      1.4012      0.2783     40.7748    -73.9587      0.3474     -0.0516      0.0962      0.2071      0.6118     37.2513     17.9845      0.0000
     -0.3135     -0.2699      0.1388      0.1666      1.0947      0.2255     40.7741    -73.9569      0.3702     -0.0470      0.1067      0.2311      0.6518     41.8923     16.3076      0.0000
     -0.2600     -0.1993      0.2418      0.2580      1.1453      0.2640     40.7733    -73.9551      0.3178     -0.0601      0.1038      0.2281      0.6546     23.9329     13.8961      0.0000
     -0.0894     -0.0536      0.3200      0.3461      0.9947      0.2361     40.7726    -73.9533      0.2976     -0.0679      0.1079      0.2370      0.6879     40.8437     12.9011      0.0159
     -0.1800     -0.1340      0.1541      0.1828      0.8935      0.2044     40.7718    -73.9515      0.2146     -0.0726      0.1114      0.2452      0.6554     47.5837     11.2999      0.0975
      0.0771      0.0265      0.2529      0.2518      0.6441      0.1677     40.7709    -73.9493      0.3951     -0.0450      0.0894      0.1916      0.6020     57.8854      7.9358      0.1950
     -0.4573     -0.3689      0.0087     -0.2084      0.6680      0.0220     40.7708    -73.9929      0.3285     -0.0524      0.1362      0.2967      0.6297     22.8308      5.3170      0.3084
     -0.2000     -0.1249     -0.2327     -0.3777     -0.4167     -0.2841     40.7701    -73.9913      0.1468     -0.0967      0.1408      0.3142      0.6990     35.7841      8.3821      0.1565
     -0.0200     -0.0280     -0.2793     -0.4734     -1.0547     -0.4280     40.7695    -73.9897      0.1785     -0.0927      0.1408      0.3160      0.7402     26.6087     13.8439      0.0499
      0.2600      0.2619     -0.1453     -0.2244     -1.1727     -0.5013     40.7688    -73.9880      0.1890     -0.0840      0.1309      0.2920      0.8008     31.5509     21.7593      0.0045
      0.1113      0.0961     -0.2113     -0.3050     -0.9573     -0.4671     40.7681    -73.9864      0.2454     -0.0849      0.1467      0.3199      0.5931     64.7664     24.7275      0.0000
      0.0487      0.0154     -0.0533     -0.2398     -0.3900     -0.2992     40.7674    -73.9847      0.3579     -0.0473      0.1172      0.2572      0.6512     75.6459     24.4778      0.0000
     -0.1007     -0.2007     -0.2907     -0.4256     -0.4347     -0.2875     40.7667    -73.9831      0.2355     -0.0589      0.1016      0.2223      0.6924     79.2670     23.7312      0.0000
     -0.2373     -0.1919     -0.1733     -0.1973      0.0653     -0.0726     40.7660    -73.9815      0.2671     -0.0659      0.0808      0.1742      0.7138     83.0655     24.1631      0.0000
     -0.2787     -0.2140     -0.1627     -0.1723      0.1247     -0.0539     40.7653    -73.9798      0.3897     -0.0535      0.0671      0.1425      0.6227    105.3222     23.9764      0.0000
     -0.0887     -0.1057      0.1307      0.0552      0.3600      0.0400     40.7646    -73.9782      0.3122     -0.0588      0.0729      0.1567      0.6290     81.4802     20.2218      0.0000
     -0.0560     -0.0929     -0.0347     -0.1111     -0.0847     -0.0954     40.7640    -73.9766      0.3015     -0.0594      0.0794      0.1731      0.6959     72.6796     17.2072      0.0000
     -0.1853     -0.1536     -0.1427     -0.1389     -0.1300     -0.0310     40.7633    -73.9749      0.2285     -0.0704      0.0948      0.2082      0.7297     89.7299     16.2352      0.0000
     -0.1160     -0.0084     -0.0147     -0.0300     -0.2007     -0.0664     40.7626    -73.9733      0.3281     -0.0557      0.0687      0.1460      0.7247     88.2248     15.3351      0.0000
     -0.1007     -0.0143      0.0073     -0.0026     -0.1713     -0.0636     40.7619    -73.9716      0.2185     -0.0775      0.1133      0.2508      0.6490    131.2194     14.8626      0.0000
      0.1613      0.1591      0.1627      0.1092     -0.3013     -0.1337     40.7612    -73.9700      0.2333     -0.0676      0.1036      0.2294      0.6682     80.3657     13.9141      0.0000
      0.2447      0.2998      0.0760      0.0781     -0.7573     -0.2657     40.7605    -73.9684      0.2111     -0.0751      0.1039      0.2298      0.7127     75.4456     12.3508      0.0000
     -0.0347      0.0926     -0.2913     -0.2240     -1.0133     -0.3713     40.7598    -73.9667      0.2585     -0.0659      0.1059      0.2333      0.7313     39.6480     14.1912      0.0023
     -0.1587     -0.1362     -0.3073     -0.4316     -0.7947     -0.2931     40.7591    -73.9651      0.3407     -0.0490      0.1041      0.2257      0.5953     54.1836     16.2503      0.0295
     -0.1487     -0.1140     -0.2567     -0.3264     -0.5020     -0.2122     40.7585    -73.9635      0.2439     -0.0748      0.1109      0.2438      0.6289     43.0506     15.9597      0.1361
     -0.6547     -0.5585     -0.3987     -0.4415      0.4227      0.0441     40.7576    -73.9614      0.3366     -0.0540      0.1046      0.2271      0.6160     55.7344     14.3105      0.2381
      0.9506      0.9279      0.0556     -0.0627     -2.7062     -0.6435     40.7565    -74.0039      0.1289     -0.0769      0.1072      0.2405      0.0439      0.7939      4.5831      0.3197
      1.0319      0.9673     -0.2819     -0.2593     -3.2925     -0.8922     40.7558    -74.0024      0.2053     -0.0888      0.1561      0.3490      0.0000      0.0000      6.6151      0.1678
      1.0012      0.9211     -0.5825     -0.5367     -3.7619     -1.0714     40.7551    -74.0008      0.1652     -0.0961      0.1434      0.3231      0.7909     17.8059      9.3006      0.0635
      0.4444      0.4966     -0.9419     -0.8276     -3.5250     -0.9620     40.7545    -73.9992      0.1571     -0.0906      0.1336      0.2973      0.6202     32.6852     10.3406      0.0045
      0.4163      0.4677     -0.4544     -0.3307     -2.4100     -0.6178     40.7538    -73.9976      0.2591     -0.0659      0.1032      0.2276      0.6459     48.8280     11.8513      0.0000
      0.3162      0.3812     -0.3781     -0.2474     -1.9737     -0.4812     40.7531    -73.9961      0.2230     -0.0768      0.1165      0.2553      0.8124     36.4388     11.3480      0.0000
      0.0219      0.1096     -0.3875     -0.3215     -1.2312     -0.3117     40.7525    -73.9945      0.2554     -0.0618      0.0800      0.1729      0.7735     51.6230     11.3066      0.0000
      0.0094      0.1100     -0.1625     -0.0336     -0.6562     -0.1185     40.7518    -73.9929      0.3072     -0.0625      0.0919      0.1989      0.8501     72.3661     11.0089      0.0000
      0.5069      0.5281      0.3294      0.3797     -0.7013     -0.1253     40.7511    -73.9913      0.2821     -0.0657      0.0941      0.2032      0.8176     42.1687     11.8812      0.0000
      0.6800      0.7170      0.1269      0.2581     -1.4456     -0.3279     40.7505    -73.9898      0.1826     -0.0781      0.1188      0.2659      0.8159     57.1270     12.7092      0.0000
      0.4469      0.4975      0.0319      0.0664     -1.1375     -0.2963     40.7498    -73.9882      0.2398     -0.0645      0.0839      0.1820      0.8318     44.0095     13.5335      0.0000
      0.0100      0.1348     -0.1944     -0.0857     -0.6400     -0.1618     40.7492    -73.9866      0.3585     -0.0545      0.0607      0.1286      0.8108     39.8846     14.3601      0.0000
      0.0994      0.1406      0.0581      0.1375     -0.2737     -0.0028     40.7485    -73.9850      0.2313     -0.0729      0.0992      0.2178      0.7632     63.8086     14.8600      0.0000
      0.1144      0.2228      0.1338      0.2952      0.1294      0.0700     40.7478    -73.9835      0.1599     -0.0777      0.1113      0.2480      0.7558     51.3128     15.8510      0.0000
      0.0131      0.0860     -0.0250      0.0182      0.0281      0.0515     40.7471    -73.9818      0.2564     -0.0604      0.0919      0.2014      0.5992     65.5214     17.5782      0.0000
     -0.0669      0.0244      0.1713      0.2631      0.6044      0.2055     40.7465    -73.9802      0.2980     -0.0551      0.1080      0.2357      0.6217     49.4756     11.6810      0.0000
      0.1281      0.1348      0.3063      0.3945      0.5456      0.2573     40.7458    -73.9787      0.2440     -0.0776      0.1367      0.3023      0.6504     48.6038      8.6956      0.0000
      0.1687      0.1929      0.3787      0.4890      0.7181      0.2963     40.7451    -73.9771      0.2078     -0.0802      0.1273      0.2824      0.6514     24.8252      7.4720      0.0431
     -0.0900     -0.0070      0.0719      0.2120      0.6544      0.2532     40.7445    -73.9755      0.2725     -0.0601      0.1050      0.2309      0.6349     33.7359      4.8489      0.1746
     -0.2069     -0.1991      0.2794      0.3842      1.6988      0.5875     40.7437    -73.9736      0.3142     -0.0641      0.1082      0.2400      0.6841     49.7626      2.5602      0.3107
      0.2444      0.2354     -0.3888     -0.4278     -1.9775     -0.3356     40.7416    -74.0073      0.2111     -0.0785      0.1410      0.3140      0.6835     30.3089      3.3071      0.3628
     -0.0244     -0.0435     -0.5600     -0.6319     -1.7325     -0.3965     40.7409    -74.0056      0.1504     -0.0929      0.1280      0.2846      0.7626     24.1950      4.4972      0.1995
      0.0962      0.1195     -0.3531     -0.3197     -1.4712     -0.3134     40.7402    -74.0040      0.2034     -0.0776      0.1212      0.2690      0.5895     27.6194      5.7443      0.0249
      0.2131      0.1916     -0.2562     -0.2628     -1.4350     -0.3607     40.7395    -74.0023      0.2568     -0.0738      0.1270      0.2796      0.6654     28.1559      7.2537      0.0000
      0.0644      0.0358     -0.2850     -0.2803     -1.0819     -0.2042     40.7388    -74.0006      0.2889     -0.0663      0.1356      0.2984      0.6146     26.6304      8.0052      0.0000
      0.1969      0.2076      0.0113      0.0322     -0.6388     -0.1443     40.7382    -73.9990      0.2321     -0.0670      0.1154      0.2564      0.6371     46.8427      8.6236      0.0000
      0.1556      0.1641     -0.1344     -0.1392     -0.9356     -0.2865     40.7375    -73.9973      0.1849     -0.0856      0.1296      0.2892      0.6664     27.0811      8.2912      0.0000
     -0.0500     -0.0011     -0.2556     -0.2105     -0.8406     -0.2383     40.7368    -73.9957      0.1718     -0.0937      0.1377      0.3077      0.7719     29.2102      9.1944      0.0000
      0.1587      0.1372     -0.0931     -0.0622     -0.8713     -0.1884     40.7361    -73.9940      0.2664     -0.0643      0.1101      0.2419      0.6721     52.6869     10.5965      0.0000
      0.3000      0.2420      0.0350      0.1406     -0.6531     -0.1374     40.7354    -73.9924      0.2755     -0.0701      0.1406      0.3111      0.7785     36.8476     11.5649      0.0000
      0.0438      0.0762     -0.3719     -0.2787     -1.1244     -0.3539     40.7347    -73.9907      0.3544     -0.0462      0.1154      0.2506      0.4422     26.8586     12.2640      0.0000
      0.0900      0.1092     -0.2663     -0.2209     -1.0344     -0.3044     40.7340    -73.9890      0.2125     -0.0828      0.1450      0.3218      0.6877     45.8759     11.7980      0.0000
     -0.1594     -0.1412     -0.3256     -0.3131     -0.7262     -0.1513     40.7333    -73.9874      0.1905     -0.0933      0.1503      0.3371      0.6201     38.3967     10.7141      0.0000
     -0.0462      0.0290     -0.1131      0.0515     -0.4013     -0.0395     40.7326    -73.9857      0.2094     -0.0895      0.1557      0.3497      0.6604     22.7196      9.5038      0.0000
      0.0231      0.0838     -0.0931      0.0118     -0.5169     -0.0911     40.7319    -73.9840      0.2819     -0.0652      0.1107      0.2412      0.7676     14.7345      7.6425      0.0000
     -0.1763     -0.1260     -0.1594     -0.1068     -0.1887      0.0013     40.7312    -73.9824      0.2557     -0.0619      0.1216      0.2643      0.7613     14.3728      5.9482      0.0000
     -0.1788     -0.1107     -0.0513      0.0789      0.1425      0.1065     40.7305    -73.9807      0.6039      0.0074      0.1283      0.2716      0.3249      8.2369      4.7516      0.0181
     -0.1994     -0.1812      0.0881      0.1630      0.4994      0.2188     40.7298    -73.9791      0.4536     -0.0269      0.1234      0.2627      0.7450     11.6158      3.8684      0.0907
      0.2013      0.1995      0.1275      0.2225     -0.2075     -0.0067     40.7291    -73.9774      0.5137     -0.0197      0.1207      0.2595      0.6828     12.2902      2.7162      0.2290
      0.0550      0.1042      0.0813      0.1508      0.0200      0.0502     40.7282    -73.9752      0.2996     -0.0542      0.1374      0.3026      0.1202      5.7428      2.6640      0.3968
     -0.4286     -0.3700      0.0229      0.0061      0.6629      0.3021     40.7289    -74.0093      0.1721     -0.0877      0.1374      0.3078      0.7199     38.4132      2.8243      0.3991
     -0.2614     -0.2724     -0.4493     -0.4313     -0.7521     -0.1384     40.7287    -74.0074      0.2589     -0.0697      0.0993      0.2168      0.7387     35.8661      4.2847      0.2086
     -0.1129     -0.1347     -0.5743     -0.4384     -1.1793     -0.2342     40.7285    -74.0054      0.1841     -0.0788      0.1069      0.2376      0.7287     26.8993      5.4431      0.0204
      0.0579      0.0187     -0.3500     -0.1580     -0.8821     -0.1266     40.7283    -74.0035      0.2685     -0.0651      0.1160      0.2555      0.6685     22.8672      6.3845      0.0000
      0.3643      0.3119     -0.2707     -0.0695     -1.4350     -0.3379     40.7277    -74.0019      0.2681     -0.0672      0.1265      0.2780      0.6431     18.4306      6.8190      0.0000
      0.5129      0.4865     -0.3307     -0.1477     -1.9679     -0.5125     40.7271    -74.0005      0.3243     -0.0586      0.1270      0.2782      0.6584     20.5199      7.0059      0.0000
      0.6214      0.5576     -0.4500     -0.3006     -2.5550     -0.6549     40.7264    -73.9991      0.4944     -0.0163      0.1327      0.2855      0.7939     21.2482      7.5328      0.0000
      0.6350      0.6461     -0.5064     -0.3484     -2.7736     -0.7217     40.7257    -73.9976      0.2224     -0.0802      0.1264      0.2799      0.8734     37.5962     10.4388      0.0000
      0.5957      0.5643     -0.4471     -0.3273     -2.5950     -0.6731     40.7250    -73.9961      0.1865     -0.0874      0.1464      0.3259      0.8397     29.9357     11.9294      0.0000
      0.3393      0.2795     -0.5143     -0.4152     -2.1264     -0.5510     40.7245    -73.9943      0.2850     -0.0726      0.1465      0.3191      0.7145     25.8777     12.8318      0.0000
      0.5050      0.4465     -0.3507     -0.1981     -1.7714     -0.5473     40.7239    -73.9925      0.3325     -0.0539      0.1383      0.3022      0.6936     24.8408     12.8547      0.0000
      0.3043      0.2335     -0.4493     -0.3259     -1.5193     -0.4817     40.7234    -73.9907      0.3888     -0.0417      0.1434      0.3110      0.6558     19.6370     12.2702      0.0000
      0.3700      0.2738     -0.2957     -0.1341     -1.2129     -0.3725     40.7228    -73.9890      0.3944     -0.0325      0.1429      0.3108      0.6510     19.7721     11.0605      0.0000
      0.7250      0.5798     -0.0829      0.0242     -1.4100     -0.4382     40.7223    -73.9872      0.1853     -0.0917      0.1508      0.3369      0.6560     29.6799      9.8706      0.0000
      0.4143      0.2933     -0.3093     -0.1676     -1.2886     -0.3947     40.7217    -73.9854      0.2616     -0.0827      0.1529      0.3380      0.6371     22.3488      8.1933      0.0000
      0.7079      0.5955      0.1029      0.2408     -0.9021     -0.2685     40.7212    -73.9836      0.2351     -0.0805      0.1410      0.3126      0.6409     20.8017      6.9726      0.0000
      0.6971      0.6103     -0.0636      0.1009     -1.1471     -0.3452     40.7206    -73.9819      0.2965     -0.0715      0.1522      0.3359      0.7130     21.4087      5.5587      0.0000
      0.4600      0.3238     -0.1486      0.0047     -0.7221     -0.2302     40.7201    -73.9801      0.4103     -0.0333      0.1280      0.2800      0.6257     22.9649      4.6499      0.0476
      0.2893      0.2317     -0.2714      0.0076     -0.7679     -0.1956     40.7195    -73.9784      0.4220     -0.0392      0.1328      0.2883      0.6386     20.5269      3.1984      0.2132
      0.0214     -0.0125     -0.1214      0.0744      0.2486      0.0077     40.7179    -73.9779      0.3678     -0.0479      0.1304      0.2885      0.1078     60.6212      2.9035      0.3084
     -0.5327     -0.4267      0.3860      0.2832      1.9667      0.6530     40.7173    -74.0150      0.3958     -0.0482      0.1041      0.2280      0.6875     73.7343      0.5778      0.7007
      0.2300      0.2406      0.5173      0.4740      0.6720      0.2387     40.7166    -74.0133      0.2882     -0.0656      0.1108      0.2419      0.3544     66.4085      1.4165      0.5442
      0.2773      0.2535      0.1820      0.1929     -0.0707      0.0064     40.7159    -74.0117      0.2791     -0.0686      0.1532      0.3393      0.7154     27.4759      2.6611      0.3764
      0.3720      0.3946      0.4333      0.4611      0.3680      0.0956     40.7152    -74.0100      0.1802     -0.0848      0.1201      0.2649      0.8350     22.5985      6.0433      0.1723
      0.5453      0.5908      0.4387      0.4934      0.0247     -0.0289     40.7145    -74.0084      0.2146     -0.0777      0.1113      0.2462      0.8428     23.9688      9.4000      0.0317
      0.5593      0.5800      0.4867      0.5149      0.1813      0.0030     40.7138    -74.0067      0.2221     -0.0738      0.1406      0.3135      0.7792     43.1208     10.3609      0.0023
     -0.0067      0.0770      0.1553      0.1887      0.5793      0.1647     40.7129    -74.0054      0.4028     -0.0431      0.1008      0.2179      0.5414     23.2965     10.2943      0.0136
      0.0547      0.0998      0.3920      0.3927      1.0213      0.2418     40.7122    -74.0057      0.4517     -0.0176      0.1443      0.3109      0.2070      9.2688     10.4463      0.0227
     -0.1220     -0.0701      0.3027      0.3625      1.2267      0.3221     40.7116    -74.0049      0.3446     -0.0486      0.1451      0.3182      0.1898     46.6365      8.5506      0.0635
     -0.1853     -0.0908      0.3133      0.4250      1.4753      0.3636     40.7106    -74.0034      0.2388     -0.0771      0.1528      0.3421      0.3868     61.0625      3.9095      0.1723
     -0.5800     -0.4370      0.4507      0.4399      2.4993      0.7140     40.7097    -74.0021      0.2126     -0.0806      0.1496      0.3341      0.7229     38.1518      1.9890      0.2971
     -0.2800     -0.1263      0.8727      0.8658      2.7927      0.8392     40.7087    -74.0010      0.3141     -0.0532      0.1305      0.2865      0.7441     17.8228      2.2049      0.4626
      0.0093      0.1363      1.0687      1.0384      2.6620      0.7622     40.7078    -74.0007      0.1479     -0.0851      0.1207      0.2705      0.8006     18.5700      0.6659      0.5578
      0.2933      0.4034      0.8187      0.8431      1.4613      0.3697     40.7069    -74.0020      0.1334     -0.0915      0.1351      0.3042      0.7526     17.0086      0.2113      0.6054
      0.5213      0.5863      0.9513      0.9327      1.2333      0.2581     40.7065    -74.0033      0.1421     -0.0950      0.1341      0.3013      0.6878     34.0848      0.2322      0.5782
      0.0653      0.1436      0.0020      0.1485      0.1893     -0.0589     40.7071    -74.0039      0.2038     -0.0825      0.1289      0.2881      0.5781     84.5157      1.7904      0.4581
     -0.4867     -0.2583     -0.0013      0.1584      1.5233      0.3132     40.7082    -74.0049      0.4774     -0.0226      0.1302      0.2814      0.6953     75.9426      4.5717      0.3061
     -0.6273     -0.4010      0.3880      0.4441      2.6000      0.6771     40.7094    -74.0064      0.2899     -0.0581      0.1089      0.2381      0.7165     56.1665      8.4197      0.1587
     -0.9720     -0.6933      0.7033      0.6883      4.0387      1.1833     40.7103    -74.0080      0.2368     -0.0702      0.1006      0.2225      0.8877     37.8564      9.8632      0.0635
     -0.8227     -0.5176      1.1140      1.1298      4.5767      1.3895     40.7113    -74.0098      0.3755     -0.0447      0.1014      0.2198      0.7383    122.2586      8.5071      0.0794
