Observations: differences from average, differences normalized by SD;  Lat, Lon, surface parameters
variable count, bins per route, route count  (xdim, ydim, zdim with line count = ydim*zdim)
      14      20       8
        Tdev         Tsd       RHdev        RHsd       DPdev        DPsd         lat         lon        ndvi      albedo        area      height   elevation   water500m
     -0.1573     -0.0866      0.7645     -0.3878      2.5064      0.6065     40.8248    -73.9479      0.1891      0.1796      0.3788     15.0663     39.3851      0.0000
      0.1118      0.2617      0.6891     -0.4421      1.5791      0.3814     40.8237    -73.9487      0.1795      0.1747      0.3913     16.2984     39.6793      0.0000
      0.0245      0.1390      0.5518     -0.5585      1.4636      0.3481     40.8226    -73.9495      0.2167      0.1838      0.3311     19.0017     39.6176      0.0000
     -0.0018      0.1363      0.4200     -0.6931      1.3000      0.2562     40.8215    -73.9502      0.2167      0.1838      0.3311     19.0017     46.3159      0.0000
     -0.2482     -0.1462      0.3027     -0.7972      1.6073      0.3344     40.8205    -73.9510      0.2449      0.1781      0.3707     15.0263     38.8354      0.0000
      0.0555      0.1852      0.5555     -0.5700      1.5618      0.3202     40.8194    -73.9518      0.3558      0.1811      0.1860     15.8637     44.1255      0.0000
      0.0891      0.1583      0.4955     -0.6276      1.2827      0.2602     40.8183    -73.9526      0.3688      0.1826      0.2566     18.0198     36.6647      0.0000
      0.2736      0.4141      0.5382     -0.6089      0.8500      0.1921     40.8173    -73.9534      0.3688      0.1826      0.2566     18.0198     24.3395      0.0023
      0.1418      0.2386      0.2282     -0.8601      0.3527      0.0825     40.8162    -73.9541      0.2871      0.1779      0.1115     12.3163     16.2383      0.0023
      0.1118      0.2561      0.1391     -0.8916      0.1427      0.0181     40.8151    -73.9549      0.2742      0.1761      0.1364     21.2820     10.5485      0.0000
      0.2955      0.4066      0.4027     -0.7125      0.4518      0.0729     40.8140    -73.9557      0.2742      0.1761      0.1364     21.2820      7.8730      0.0000
      0.4682      0.6026      0.3945     -0.7498     -0.0236     -0.0420     40.8130    -73.9565      0.1804      0.1832      0.4067     15.6562      7.8730      0.0000
      0.3236      0.3668      0.2318     -0.8923     -0.0782     -0.0493     40.8119    -73.9573      0.1804      0.1832      0.4067     15.6562     12.6763      0.0000
      0.4236      0.4626      0.3055     -0.8106     -0.0245     -0.0363     40.8108    -73.9581      0.1988      0.1761      0.3734     17.1069     20.2093      0.0000
      0.1718      0.1911      0.1009     -0.9748      0.0282     -0.0288     40.8097    -73.9589      0.2821      0.1714      0.2594     18.7775     28.1015      0.0000
      0.3091      0.3523      0.3255     -0.8065      0.3391      0.0486     40.8087    -73.9596      0.2821      0.1714      0.2594     18.7775     34.8157      0.0000
      0.3764      0.4589      0.2636     -0.8170      0.0491     -0.0318     40.8076    -73.9604      0.2291      0.1631      0.2828     15.1123     41.6380      0.0000
      0.4664      0.6364      0.2327     -0.8359     -0.4118     -0.1419     40.8065    -73.9612      0.3697      0.1614      0.2667     15.0007     39.4387      0.0000
      0.6109      0.7651      0.1027     -0.9555     -1.0264     -0.3042     40.8055    -73.9620      0.3419      0.1599      0.4297     16.7789     38.0118      0.0000
      0.2455      0.3094     -0.0082     -1.1257     -0.4527     -0.1812     40.8039    -73.9631      0.3419      0.1599      0.4297     16.7789     35.3847      0.0000
     -0.7273     -0.9024     -0.1809     -1.1257      1.7391      0.3747     40.8023    -73.9643      0.3073      0.1431      0.2707     23.2882     31.3246      0.0000
     -0.4064     -0.5314     -0.0200     -0.9194      1.2591      0.3264     40.8009    -73.9653      0.3179      0.1353      0.2531     20.9478     32.2210      0.0000
      0.1000      0.1106      0.1100     -0.7776      0.3409      0.0896     40.7996    -73.9663      0.1874      0.1333      0.4334     18.8354     32.0811      0.0000
      0.0700      0.0355     -0.0909     -1.0212     -0.0773     -0.0444     40.7982    -73.9673      0.3980      0.1311      0.3193     21.0156     30.8538      0.0000
     -0.1100     -0.1606     -0.0664     -1.0126      0.3527      0.0523     40.7969    -73.9683      0.3980      0.1311      0.3193     21.0156     28.8753      0.0000
     -0.3464     -0.4579      0.1309     -0.8673      1.3109      0.2911     40.7955    -73.9692      0.4064      0.1486      0.1244     36.6655     27.5558      0.0000
     -0.0445     -0.0554      0.4545     -0.6116      1.4782      0.3183     40.7942    -73.9702      0.4064      0.1486      0.1244     36.6655     27.4608      0.0000
     -0.0100     -0.0479      0.3582     -0.6786      1.0473      0.2100     40.7928    -73.9712      0.2652      0.1475      0.3248     29.4201     29.8384      0.0000
     -0.1164     -0.1524      0.2900     -0.7132      1.1300      0.2315     40.7915    -73.9722      0.2652      0.1475      0.3248     29.4201     32.3583      0.0000
     -0.2482     -0.3160      0.3755     -0.6376      1.5827      0.3660     40.7901    -73.9732      0.3681      0.1439      0.3347     27.6151     30.6949      0.0000
     -0.2173     -0.2962      0.6500     -0.4159      2.3327      0.5302     40.7888    -73.9742      0.3025      0.1476      0.3828     24.2769     28.2764      0.0000
     -0.3391     -0.4091      0.6073     -0.4419      2.5191      0.5844     40.7874    -73.9752      0.3457      0.1440      0.3647     22.0971     27.5460      0.0000
     -0.5245     -0.5861      0.6382     -0.4106      2.9945      0.7112     40.7861    -73.9762      0.2358      0.1336      0.5000     18.9851     24.9626      0.0000
     -0.5118     -0.5450      0.8227     -0.2552      3.4391      0.8162     40.7847    -73.9771      0.2358      0.1336      0.5000     18.9851     23.4033      0.0000
     -0.3391     -0.3769      0.8491     -0.2675      3.0455      0.7347     40.7834    -73.9781      0.5074      0.1516      0.3847     27.8548     23.8277      0.0000
     -0.1118     -0.1053      0.8482     -0.2302      2.5109      0.6108     40.7820    -73.9791      0.3548      0.1346      0.3820     26.1841     23.8587      0.0000
      0.2591      0.3535      0.9082     -0.1591      1.7527      0.4198     40.7807    -73.9801      0.3984      0.1348      0.3299     28.3816     23.7092      0.0000
      0.1009      0.2263      0.8182     -0.2416      1.8218      0.4137     40.7793    -73.9811      0.2254      0.1298      0.4428     23.1538     23.1901      0.0023
     -0.1418     -0.1418      0.7345     -0.3616      2.1573      0.5023     40.7780    -73.9821      0.2399      0.1234      0.4554     34.8948     23.0760      0.0023
     -0.2327     -0.2586      0.8936     -0.2150      2.8227      0.6893     40.7760    -73.9835      0.3979      0.1181      0.2872     28.9122     22.2007      0.0068
      1.0083      1.0330     -1.7383     -0.2150     -7.1200     -1.7901     40.7742    -73.9849      0.2540      0.1360      0.5033     38.1723     18.8566      0.0204
      1.4383      1.4806     -1.6875     -0.1963     -7.8767     -1.9433     40.7729    -73.9858      0.3636      0.1361      0.5670     38.3304     20.9811      0.0136
      1.0583      1.0909     -1.9792     -0.4214     -7.8608     -1.9435     40.7717    -73.9867      0.2440      0.1492      0.3362     27.0458     24.5660      0.0181
      0.7033      0.8221     -1.6075     -0.0932     -6.3442     -1.5883     40.7704    -73.9876      0.2667      0.1406      0.3029     50.9564     22.2597      0.0227
      0.7925      0.9011     -1.3858      0.0700     -6.0450     -1.5187     40.7691    -73.9885      0.2667      0.1406      0.3029     50.9564     20.2567      0.0159
      0.9533      1.0201     -1.3017      0.1637     -6.0825     -1.5125     40.7679    -73.9894      0.1544      0.1385      0.5114     23.9770     12.2270      0.0091
      1.0425      1.1443     -1.3958      0.1105     -6.5125     -1.5944     40.7666    -73.9903      0.1544      0.1385      0.5114     23.9770     10.2192      0.0045
      0.7533      0.8422     -1.7117     -0.1184     -6.7058     -1.6058     40.7654    -73.9912      0.1678      0.1321      0.4789     17.3398     10.9046      0.0091
      0.8650      0.9438     -1.3533      0.2182     -6.0817     -1.4777     40.7641    -73.9922      0.1678      0.1321      0.4789     17.3398     12.0575      0.0272
      1.2975      1.4321     -1.0950      0.4082     -6.3850     -1.5745     40.7629    -73.9931      0.1555      0.1268      0.5363     19.1468      8.4144      0.0295
      1.0625      1.2293     -1.4942      0.0843     -6.8233     -1.6616     40.7616    -73.9940      0.1793      0.1361      0.3834     16.2124      8.4747      0.0227
      0.9642      1.1467     -1.5567      0.0547     -6.7017     -1.6000     40.7604    -73.9949      0.1417      0.1297      0.5091     15.8734      7.2186      0.0204
      1.1450      1.3593     -1.3050      0.2896     -6.4133     -1.5311     40.7591    -73.9958      0.1417      0.1297      0.5091     15.8734      6.9483      0.0181
      0.7658      0.8589     -1.4475      0.1015     -5.9183     -1.4182     40.7578    -73.9967      0.0962      0.1485      0.3963     27.0560      8.2758      0.0091
      0.4492      0.4920     -1.3425      0.2141     -5.0275     -1.1675     40.7566    -73.9977      0.0962      0.1485      0.3963     27.0560     10.8365      0.0091
      0.5592      0.6576     -0.9700      0.5343     -4.2642     -0.9865     40.7553    -73.9986      0.0963      0.1444      0.3527     33.5725     11.4579      0.0113
      0.4417      0.5047     -0.9650      0.4925     -4.0217     -0.9703     40.7541    -73.9995      0.0963      0.1444      0.3527     33.5725     10.3406      0.0045
      0.4292      0.5513     -0.7525      0.7202     -3.5417     -0.8469     40.7528    -74.0004      0.1148      0.1597      0.6203     34.0508      6.4306      0.0045
      0.2333      0.3227     -0.8983      0.5720     -3.4708     -0.8612     40.7516    -74.0013      0.1501      0.1571      0.2846     43.1047      5.7814      0.0113
      0.0925      0.1168     -0.8908      0.5958     -3.1217     -0.7504     40.7499    -74.0025      0.3189      0.1601      0.3273     30.2762      5.1860      0.0227
     -0.1680     -0.3013      0.1410      0.5958      0.4610      0.2180     40.7483    -74.0037      0.2862      0.1636      0.3942     27.9948      3.8515      0.1361
     -0.3800     -0.5462      0.3350      0.8419      1.4650      0.5294     40.7471    -74.0046      0.2862      0.1636      0.3942     27.9948      3.3451      0.2268
     -0.3450     -0.4646      0.4480      0.9400      1.6480      0.5265     40.7458    -74.0055      0.2340      0.1609      0.4015     17.3463      3.5722      0.2562
     -0.2350     -0.2933      0.3420      0.8773      1.0550      0.3781     40.7446    -74.0064      0.2061      0.1530      0.3912     15.3247      3.2888      0.3265
     -0.8680     -1.0517     -0.0660      0.5535      1.5290      0.5376     40.7434    -74.0074      0.1439      0.1518      0.4311     23.0370      3.1652      0.3923
     -0.6620     -0.8578      0.5770      1.0594      2.9200      0.8483     40.7421    -74.0083      0.1439      0.1518      0.4311     23.0370      2.6834      0.4671
     -0.3670     -0.5674      0.5930      1.1160      2.2070      0.7252     40.7409    -74.0087      0.1411      0.1305      0.4632     12.2243      1.9119      0.4853
     -0.4430     -0.6331      0.5250      1.0149      2.2280      0.7158     40.7399    -74.0080      0.1528      0.1471      0.5255     26.4787      3.2735      0.3719
     -0.3950     -0.5622      0.6740      1.1890      2.6200      0.8109     40.7385    -74.0081      0.2149      0.1378      0.3977     18.7127      3.0179      0.3946
     -0.3830     -0.5618      0.7980      1.3241      3.0100      0.9273     40.7371    -74.0082      0.2149      0.1378      0.3977     18.7127      3.3189      0.3810
     -0.3430     -0.4831      0.8920      1.4265      3.1220      0.9482     40.7357    -74.0083      0.2114      0.1443      0.4716     16.2860      3.9439      0.3605
     -0.3880     -0.4905      0.8430      1.3570      3.1390      0.8752     40.7343    -74.0085      0.2114      0.1443      0.4716     16.2860      4.3807      0.3379
     -0.5930     -0.7010      0.6880      1.2469      3.2840      0.8702     40.7328    -74.0086      0.2329      0.1395      0.4518     25.0889      3.3044      0.3719
     -0.6910     -0.9044      0.6950      1.2321      3.5620      0.9406     40.7314    -74.0089      0.2329      0.1395      0.4518     25.0889      3.2381      0.3651
     -0.5600     -0.6941      0.8380      1.4257      3.7030      0.9793     40.7300    -74.0091      0.1542      0.1433      0.4542     31.1560      2.8857      0.4059
     -0.0570     -0.0576      1.1710      1.6675      3.2670      0.8939     40.7286    -74.0094      0.1199      0.1410      0.6184     29.5897      2.8243      0.3991
     -0.0650     -0.0672      0.9590      1.4707      2.6880      0.7280     40.7273    -74.0097      0.1199      0.1410      0.6184     29.5897      2.2215      0.4331
     -0.3140     -0.4050      0.5850      1.1439      2.3660      0.6131     40.7259    -74.0099      0.1508      0.1399      0.3535     22.5441      2.3005      0.4127
     -0.4170     -0.4775      0.6230      1.1793      2.7090      0.6852     40.7245    -74.0102      0.1508      0.1399      0.3535     22.5441      2.1495      0.4444
     -0.6060     -0.6890      0.6060      1.2302      3.0880      0.7877     40.7227    -74.0104      0.1133      0.1462      0.4866     32.3657      2.5788      0.4218
     -0.5875     -0.6517     -0.4517     -0.8859     -0.0400      0.0334     40.8044    -73.9353      0.1538      0.1697      0.0440      8.8414      4.5196      0.1497
     -0.5550     -0.7220     -0.2900     -0.7839      0.3367      0.1366     40.8032    -73.9361      0.2821      0.1516      0.0770     36.0449      5.1828      0.0794
     -0.4567     -0.6236     -0.0725     -0.5456      0.8042      0.2250     40.8019    -73.9370      0.2821      0.1516      0.0770     36.0449      4.8578      0.0249
     -0.3325     -0.4863     -0.3192     -0.7924     -0.1350      0.0077     40.8007    -73.9379      0.2998      0.1415      0.2328     16.7789      5.0734      0.0000
     -0.0875     -0.1606      0.0633     -0.4174      0.2683      0.0818     40.7995    -73.9388      0.1953      0.1491      0.3332     14.0030      5.1408      0.0000
      0.0275     -0.0253      0.0392     -0.4557      0.0567      0.0116     40.7983    -73.9397      0.1863      0.1332      0.3460     14.2302      5.4787      0.0000
     -0.0350     -0.1095     -0.2350     -0.6790     -0.4958     -0.1205     40.7971    -73.9406      0.1863      0.1332      0.3460     14.2302      5.8537      0.0068
     -0.1125     -0.2000     -0.4100     -0.8743     -0.7592     -0.1588     40.7959    -73.9415      0.3430      0.1435      0.2652     16.8499      5.1927      0.0159
      0.1492      0.1620      0.0217     -0.4159     -0.2600     -0.0251     40.7947    -73.9423      0.3430      0.1435      0.2652     16.8499      4.5689      0.0113
      0.3542      0.3918     -0.0617     -0.5171     -0.9850     -0.2176     40.7935    -73.9432      0.2820      0.1192      0.3794     16.7266      4.5755      0.0136
      0.2775      0.3788     -0.2075     -0.6339     -1.2000     -0.3018     40.7923    -73.9441      0.2738      0.1382      0.3149     17.5689      4.9920      0.0023
     -0.4908     -0.5357     -0.5658     -1.0086     -0.4017     -0.1099     40.7910    -73.9450      0.3317      0.1316      0.2935     18.9815      5.7730      0.0091
     -0.2508     -0.3361      0.1083     -0.3691      0.8025      0.2255     40.7898    -73.9459      0.3317      0.1316      0.2935     18.9815      5.5651      0.0136
     -0.0525     -0.0182     -0.0350     -0.4528     -0.0183      0.0319     40.7886    -73.9468      0.2867      0.1606      0.3130     18.6835      5.6212      0.0181
     -0.1250     -0.1598     -0.1217     -0.5772     -0.0033      0.0167     40.7874    -73.9477      0.2867      0.1606      0.3130     18.6835      8.0051      0.0317
      0.0442      0.0681     -0.0483     -0.4894     -0.1625     -0.0253     40.7862    -73.9485      0.2867      0.1606      0.3130     18.6835      8.5237      0.0363
     -0.1600     -0.1290     -0.2592     -0.6402     -0.2083     -0.0570     40.7850    -73.9494      0.2375      0.1523      0.2887     22.8093     12.5629      0.0091
     -0.1583     -0.0905     -0.1633     -0.5807     -0.0500     -0.0307     40.7838    -73.9503      0.2375      0.1523      0.2887     22.8093     17.1069      0.0000
     -0.1300     -0.0837     -0.1392     -0.5417     -0.1258     -0.0324     40.7826    -73.9512      0.2370      0.1572      0.5055     24.5864     21.6028      0.0000
     -0.2108     -0.2099     -0.0008     -0.4386      0.3508      0.0677     40.7811    -73.9523      0.2146      0.1507      0.4823     23.6040     23.8002      0.0000
      0.2525      0.4161      0.0500     -0.4386     -0.6258     -0.2098     40.7795    -73.9534      0.2146      0.1507      0.4823     23.6040     23.5731      0.0000
      0.0917      0.2036     -0.5100     -0.9322     -1.6633     -0.4839     40.7783    -73.9543      0.1933      0.1485      0.4887     22.0156     22.9214      0.0000
      0.1050      0.1919     -0.3375     -0.7384     -1.1642     -0.3679     40.7770    -73.9552      0.1933      0.1485      0.4887     22.0156     23.1450      0.0000
      0.3192      0.5078     -0.1900     -0.5853     -1.2758     -0.4034     40.7758    -73.9562      0.1779      0.1376      0.4854     26.8338     20.0690      0.0000
      0.4442      0.6592     -0.4075     -0.7383     -2.1525     -0.6042     40.7745    -73.9571      0.1779      0.1376      0.4854     26.8338     16.7538      0.0000
      0.2575      0.4002     -0.5067     -0.8435     -2.0525     -0.5731     40.7733    -73.9580      0.1783      0.1355      0.4961     26.1845     15.5872      0.0000
      0.1950      0.3432     -0.4217     -0.7665     -1.6592     -0.4912     40.7721    -73.9589      0.1860      0.1310      0.4840     20.0219     15.6794      0.0000
     -0.1233     -0.0470     -0.4683     -0.7576     -0.9742     -0.3034     40.7708    -73.9598      0.1865      0.1272      0.4702     30.1447     17.1599      0.0000
     -0.1517     -0.0786     -0.1692     -0.5002     -0.0883     -0.0893     40.7696    -73.9607      0.1865      0.1272      0.4702     30.1447     21.0795      0.0000
     -0.5175     -0.3713     -0.5467     -0.6991     -0.0617     -0.0858     40.7683    -73.9616      0.1884      0.1277      0.4380     34.2174     23.4725      0.0000
     -0.3658     -0.1425     -0.4275     -0.6098     -0.1017     -0.0820     40.7671    -73.9625      0.1884      0.1277      0.4380     34.2174     23.5249      0.0000
      0.1550      0.2885      0.2250     -0.1606      0.3375      0.0122     40.7658    -73.9634      0.2773      0.1162      0.4406     27.4390     21.6660      0.0000
      0.2683      0.3646      0.1842     -0.2082     -0.0567     -0.0897     40.7646    -73.9643      0.1993      0.1225      0.4259     27.6499     20.5526      0.0000
      0.2692      0.3935      0.2308     -0.1448      0.0325     -0.0618     40.7634    -73.9652      0.1830      0.1285      0.4563     27.5229     17.8832      0.0000
     -0.1900     -0.0030     -0.1433     -0.4362      0.1033     -0.0427     40.7621    -73.9661      0.1988      0.1299      0.4453     30.4072     16.7594      0.0000
     -0.2908     -0.1043      0.0758     -0.2698      0.8975      0.1393     40.7609    -73.9670      0.1741      0.1339      0.3846     33.4266     15.2869      0.0000
      0.1025      0.2083      0.5492      0.0932      1.2433      0.2148     40.7596    -73.9679      0.1741      0.1339      0.3846     33.4266     11.8728      0.0000
      0.1725      0.2659      0.4550      0.0265      0.7867      0.0987     40.7584    -73.9688      0.2011      0.1215      0.4809     24.5338     11.1211      0.0000
      0.0017      0.0700      0.1075     -0.2393      0.2575      0.0433     40.7571    -73.9697      0.2011      0.1215      0.4809     24.5338     11.4583      0.0000
     -0.0583     -0.0128      0.2017     -0.1531      0.5575      0.1189     40.7555    -73.9709      0.2316      0.1246      0.4287     29.6743     11.3953      0.0023
     -0.8942     -0.8933     -0.5267     -0.1531      0.5108      0.1132     40.7539    -73.9721      0.2352      0.1197      0.4764     38.6008     11.7925      0.0023
     -0.9650     -1.0725     -0.5042     -0.1015      0.7442      0.1773     40.7527    -73.9730      0.2080      0.1228      0.3889     50.2485     12.7374      0.0068
     -0.9042     -0.9984     -0.1275      0.2582      1.6317      0.4069     40.7514    -73.9739      0.1567      0.1415      0.6339     39.1509     11.4778      0.0136
     -1.0850     -1.1845     -0.3608      0.0175      1.4608      0.3332     40.7502    -73.9748      0.2253      0.1280      0.4577     46.1890     10.9008      0.0136
     -0.8942     -0.9682     -0.1883      0.1718      1.4825      0.3274     40.7490    -73.9757      0.2253      0.1280      0.4577     46.1890     10.8315      0.0227
     -0.6650     -0.7849     -0.1600      0.2077      1.0475      0.2069     40.7477    -73.9766      0.1963      0.1444      0.3604     39.1197     11.6403      0.0204
     -0.8858     -1.1203     -0.5208     -0.2753      0.6408      0.0930     40.7465    -73.9775      0.1963      0.1444      0.3604     39.1197      8.8053      0.0295
     -0.9308     -1.1239     -0.4642     -0.2139      0.9550      0.2024     40.7453    -73.9784      0.2044      0.1366      0.3604     22.3844      8.1195      0.0091
     -0.3383     -0.4187      0.0658      0.4565      0.9667      0.2274     40.7440    -73.9793      0.2675      0.1399      0.4789     24.9949      9.4424      0.0023
     -0.2217     -0.3324     -0.1533      0.2372      0.0592     -0.0018     40.7428    -73.9802      0.2446      0.1454      0.4113     20.8293     10.1428      0.0000
     -0.5333     -0.6024     -0.2992      0.0836      0.3208      0.0475     40.7415    -73.9811      0.2208      0.1501      0.4289     21.3362      9.7647      0.0000
     -0.5592     -0.7350     -0.0033      0.2939      1.1717      0.2802     40.7403    -73.9820      0.2472      0.1546      0.3379     32.3362      9.2330      0.0000
     -0.5217     -0.7327      0.0908      0.3829      1.3783      0.3629     40.7391    -73.9829      0.2472      0.1546      0.3379     32.3362      8.0857      0.0000
     -0.6242     -0.8642      0.0067      0.3084      1.4233      0.3856     40.7378    -73.9838      0.2164      0.1709      0.4564     26.3030      8.0817      0.0000
     -0.9992     -1.2322     -0.0417      0.2435      2.1775      0.5770     40.7366    -73.9847      0.2164      0.1709      0.4564     26.3030      8.5743      0.0000
     -0.9767     -1.2013      0.3433      0.5692      3.1592      0.8093     40.7353    -73.9856      0.3113      0.1721      0.4419     21.9296      9.4580      0.0000
     -0.9200     -1.0573      0.4517      0.7075      3.3633      0.8457     40.7341    -73.9865      0.2595      0.1695      0.3725     25.0072      9.8919      0.0000
     -1.0433     -1.1866      0.3358      0.5795      3.3617      0.8325     40.7329    -73.9874      0.2214      0.1633      0.5338     19.3035     10.6746      0.0000
     -0.6000     -0.7133      0.6792      0.8871      3.1850      0.7930     40.7316    -73.9883      0.2214      0.1633      0.5338     19.3035     11.2061      0.0000
     -0.3925     -0.3739      0.7342      1.0005      2.8108      0.6947     40.7299    -73.9896      0.1746      0.1605      0.5225     16.8995     12.1776      0.0000
      0.2600      0.2576      0.7027      1.0005      1.6736      0.4271     40.7277    -73.9911      0.1794      0.1616      0.5320     16.9405     12.4320      0.0000
      0.4264      0.4213      0.3745      0.7109     -0.0482      0.0612     40.7264    -73.9917      0.1794      0.1616      0.5320     16.9405     12.5713      0.0000
      0.7318      0.7958      0.2400      0.5801     -1.0964     -0.2001     40.7251    -73.9922      0.2385      0.1618      0.4119     16.8823     12.8393      0.0000
      0.6745      0.7480      0.2636      0.6156     -0.6864     -0.1497     40.7238    -73.9927      0.2385      0.1618      0.4119     16.8823     12.9646      0.0000
      0.6900      0.6710      0.0555      0.4478     -1.1427     -0.2731     40.7225    -73.9932      0.1978      0.1457      0.2009     17.8686     12.8297      0.0000
      0.6136      0.6249      0.1445      0.5758     -0.5691     -0.1308     40.7211    -73.9937      0.1637      0.1370      0.3862     14.9056     12.2273      0.0000
      0.7409      0.8573      0.3918      0.7912     -0.3982     -0.0950     40.7198    -73.9942      0.1637      0.1370      0.3862     14.9056     11.4055      0.0000
      0.6273      0.7196      0.1673      0.5585     -0.9218     -0.2178     40.7185    -73.9948      0.1539      0.1152      0.4262     15.7196     11.0280      0.0000
      0.8264      0.9358      0.4582      0.7845     -0.6018     -0.1398     40.7171    -73.9955      0.1539      0.1152      0.4262     15.7196     12.1093      0.0000
      0.5264      0.5914      0.3245      0.7153     -0.2209     -0.0336     40.7154    -73.9966      0.1872      0.0981      0.4324     18.0491     11.3958      0.0045
      0.6027      0.6191      0.4673      0.8204      0.0973      0.0237     40.7139    -73.9978      0.1872      0.0981      0.4324     18.0491      9.5310      0.0884
      0.5309      0.5189      0.0800      0.4409     -0.6473     -0.2085     40.7129    -73.9986      0.2541      0.0949      0.3459     23.5098      6.6335      0.1451
      0.6245      0.4641      0.2373      0.5548     -0.4964     -0.0959     40.7118    -73.9996      0.2541      0.0949      0.3459     23.5098      4.9935      0.2109
      0.7255      0.5553      0.5345      0.9197      0.2627      0.1094     40.7106    -74.0006      0.1660      0.0766      0.1338     30.4519      6.4450      0.2721
      0.4391      0.3218      0.6509      1.0347      1.2464      0.3165     40.7095    -74.0017      0.2696      0.0790      0.0889     33.3573      3.1514      0.3696
      0.1245     -0.0029      0.5891      0.9370      1.8864      0.4131     40.7085    -74.0028      0.0082      0.0676      0.0159     12.0000      2.8988      0.4127
     -0.1982     -0.2424      0.6945      1.0150      2.8055      0.6901     40.7075    -74.0039      0.0606      0.0586      0.3846     14.1344      1.7904      0.4581
     -0.2209     -0.3027      0.7527      1.0644      3.0891      0.7634     40.7066    -74.0052      0.0606      0.0586      0.3846     14.1344      1.5255      0.4218
     -0.0427     -0.1332      0.7218      1.0464      2.7636      0.6930     40.7057    -74.0065      0.0244      0.0644      0.2441     68.9141      2.0278      0.4694
     -0.4345     -0.4715      0.5336      0.9285      3.3609      0.8223     40.7046    -74.0081      0.0244      0.0644      0.2441     68.9141      2.7260      0.4649
