Observations: differences from average, differences normalized by SD;  Lat, Lon, surface parameters
variable count, bins per route, route count  (xdim, ydim, zdim with line count = ydim*zdim)
          16      20.0000      8.00000
       Tdiff        Tdev      RHdiff       RHdev      DPdiff       DPdev         lat         lon        NDVI   greenness      albedo  brightness   Bareafrac     Bheight   elevation   water500m
     -0.1573     -0.0866      0.7645     -0.3878      2.5064      0.6065     40.8248    -73.9479      0.2065     -0.0892      0.1422      0.3136      0.5921     17.8245     39.3851      0.0000
      0.1118      0.2617      0.6891     -0.4421      1.5791      0.3814     40.8237    -73.9487      0.3209     -0.0667      0.1540      0.3407      0.6703     21.6179     39.6793      0.0000
      0.0245      0.1390      0.5518     -0.5585      1.4636      0.3481     40.8226    -73.9495      0.3901     -0.0462      0.1374      0.2989      0.6831     20.4914     39.6176      0.0000
     -0.0018      0.1363      0.4200     -0.6931      1.3000      0.2562     40.8215    -73.9502      0.2373     -0.0759      0.1303      0.2900      0.6571     21.1942     46.3159      0.0000
     -0.2482     -0.1462      0.3027     -0.7972      1.6073      0.3344     40.8205    -73.9510      0.3131     -0.0619      0.1641      0.3641      0.6569     24.6505     38.8354      0.0000
      0.0555      0.1852      0.5555     -0.5700      1.5618      0.3202     40.8194    -73.9518      0.1297     -0.1332      0.1839      0.4157      0.5746     23.6763     44.1255      0.0000
      0.0891      0.1583      0.4955     -0.6276      1.2827      0.2602     40.8183    -73.9526      0.1826     -0.0849      0.1235      0.2734      0.6340     20.8375     36.6647      0.0000
      0.2736      0.4141      0.5382     -0.6089      0.8500      0.1921     40.8173    -73.9534      0.2718     -0.0673      0.1295      0.2852      0.6456     21.4523     24.3395      0.0023
      0.1418      0.2386      0.2282     -0.8601      0.3527      0.0825     40.8162    -73.9541      0.5087      0.0023      0.1613      0.3472      0.5990     24.1174     16.2383      0.0023
      0.1118      0.2561      0.1391     -0.8916      0.1427      0.0181     40.8151    -73.9549      0.2132     -0.0848      0.1477      0.3296      0.5218     21.2945     10.5485      0.0000
      0.2955      0.4066      0.4027     -0.7125      0.4518      0.0729     40.8140    -73.9557      0.7124     -0.0105      0.0862      0.1793      0.5855     13.0796      7.8730      0.0000
      0.4682      0.6026      0.3945     -0.7498     -0.0236     -0.0420     40.8130    -73.9565      0.5562     -0.0145      0.1028      0.2186      0.6114     15.9717      7.8730      0.0000
      0.3236      0.3668      0.2318     -0.8923     -0.0782     -0.0493     40.8119    -73.9573      0.4524     -0.0233      0.1445      0.3112      0.2305     33.2058     12.6763      0.0000
      0.4236      0.4626      0.3055     -0.8106     -0.0245     -0.0363     40.8108    -73.9581      0.2070     -0.0873      0.1391      0.3077      0.4993      9.9898     20.2093      0.0000
      0.1718      0.1911      0.1009     -0.9748      0.0282     -0.0288     40.8097    -73.9589      0.2661     -0.0679      0.1243      0.2760      0.6056     25.3229     28.1015      0.0000
      0.3091      0.3523      0.3255     -0.8065      0.3391      0.0486     40.8087    -73.9596      0.5056     -0.0067      0.1350      0.2897      0.6359     32.0600     34.8157      0.0000
      0.3764      0.4589      0.2636     -0.8170      0.0491     -0.0318     40.8076    -73.9604      0.5033     -0.0086      0.1653      0.3576      0.6033     31.1449     41.6380      0.0000
      0.4664      0.6364      0.2327     -0.8359     -0.4118     -0.1419     40.8065    -73.9612      0.4142     -0.0169      0.1461      0.3166      0.6294     33.6855     39.4387      0.0000
      0.6109      0.7651      0.1027     -0.9555     -1.0264     -0.3042     40.8055    -73.9620      0.1675     -0.1047      0.1627      0.3640      0.6359     38.3670     38.0118      0.0000
      0.2455      0.3094     -0.0082     -1.1257     -0.4527     -0.1812     40.8039    -73.9631      0.1946     -0.0975      0.1525      0.3416      0.9207     40.3020     35.3847      0.0000
     -0.7273     -0.9024     -0.1809     -1.1257      1.7391      0.3747     40.8023    -73.9643      0.2752     -0.0619      0.1226      0.2701      0.6249     32.1773     31.3246      0.0000
     -0.4064     -0.5314     -0.0200     -0.9194      1.2591      0.3264     40.8009    -73.9653      0.2137     -0.0926      0.1624      0.3605      0.6803     22.2839     32.2210      0.0000
      0.1000      0.1106      0.1100     -0.7776      0.3409      0.0896     40.7996    -73.9663      0.2673     -0.0688      0.1259      0.2799      0.6867     22.0590     32.0811      0.0000
      0.0700      0.0355     -0.0909     -1.0212     -0.0773     -0.0444     40.7982    -73.9673      0.3100     -0.0753      0.1516      0.3319      0.6936     22.7377     30.8538      0.0000
     -0.1100     -0.1606     -0.0664     -1.0126      0.3527      0.0523     40.7969    -73.9683      0.2995     -0.0671      0.1202      0.2630      0.6965     31.3268     28.8753      0.0000
     -0.3464     -0.4579      0.1309     -0.8673      1.3109      0.2911     40.7955    -73.9692      0.2561     -0.0770      0.1422      0.3150      0.6186     30.2885     27.5558      0.0000
     -0.0445     -0.0554      0.4545     -0.6116      1.4782      0.3183     40.7942    -73.9702      0.2020     -0.0727      0.1054      0.2339      0.6418     35.9971     27.4608      0.0000
     -0.0100     -0.0479      0.3582     -0.6786      1.0473      0.2100     40.7928    -73.9712      0.3328     -0.0550      0.1146      0.2517      0.6565     38.2099     29.8384      0.0000
     -0.1164     -0.1524      0.2900     -0.7132      1.1300      0.2315     40.7915    -73.9722      0.2355     -0.0759      0.1269      0.2797      0.6789     28.8955     32.3583      0.0000
     -0.2482     -0.3160      0.3755     -0.6376      1.5827      0.3660     40.7901    -73.9732      0.3846     -0.0482      0.0925      0.1988      0.6655     43.0627     30.6949      0.0000
     -0.2173     -0.2962      0.6500     -0.4159      2.3327      0.5302     40.7888    -73.9742      0.3190     -0.0538      0.1057      0.2301      0.6503     48.8698     28.2764      0.0000
     -0.3391     -0.4091      0.6073     -0.4419      2.5191      0.5844     40.7874    -73.9752      0.3368     -0.0512      0.1283      0.2797      0.6795     49.0019     27.5460      0.0000
     -0.5245     -0.5861      0.6382     -0.4106      2.9945      0.7112     40.7861    -73.9762      0.3838     -0.0514      0.0749      0.1614      0.7373     22.8885     24.9626      0.0000
     -0.5118     -0.5450      0.8227     -0.2552      3.4391      0.8162     40.7847    -73.9771      0.4086     -0.0457      0.0887      0.1912      0.7325     33.4757     23.4033      0.0000
     -0.3391     -0.3769      0.8491     -0.2675      3.0455      0.7347     40.7834    -73.9781      0.2983     -0.0662      0.1208      0.2645      0.6423     45.1073     23.8277      0.0000
     -0.1118     -0.1053      0.8482     -0.2302      2.5109      0.6108     40.7820    -73.9791      0.3528     -0.0513      0.0909      0.1968      0.7171     41.1811     23.8587      0.0000
      0.2591      0.3535      0.9082     -0.1591      1.7527      0.4198     40.7807    -73.9801      0.3273     -0.0573      0.1071      0.2306      0.6825     30.0645     23.7092      0.0000
      0.1009      0.2263      0.8182     -0.2416      1.8218      0.4137     40.7793    -73.9811      0.2043     -0.0793      0.1199      0.2631      0.7284     44.7349     23.1901      0.0023
     -0.1418     -0.1418      0.7345     -0.3616      2.1573      0.5023     40.7780    -73.9821      0.3395     -0.0531      0.1196      0.2610      0.6857     30.5739     23.0760      0.0023
     -0.2327     -0.2586      0.8936     -0.2150      2.8227      0.6893     40.7760    -73.9835      0.4394     -0.0439      0.0848      0.1833      0.5088     77.2007     22.2007      0.0068
      1.0083      1.0330     -1.7383     -0.2150     -7.1200     -1.7901     40.7742    -73.9849      0.3911     -0.0417      0.1460      0.3187      0.6648     52.8653     18.8566      0.0204
      1.4383      1.4806     -1.6875     -0.1963     -7.8767     -1.9433     40.7729    -73.9858      0.7544      0.0305      0.1159      0.2402      0.3338    128.6964     20.9811      0.0136
      1.0583      1.0909     -1.9792     -0.4214     -7.8608     -1.9435     40.7717    -73.9867      0.2483     -0.0708      0.1189      0.2637      0.7477    204.8335     24.5660      0.0181
      0.7033      0.8221     -1.6075     -0.0932     -6.3442     -1.5883     40.7704    -73.9876      0.3050     -0.0562      0.1068      0.2334      0.5030     76.7973     22.2597      0.0227
      0.7925      0.9011     -1.3858      0.0700     -6.0450     -1.5187     40.7691    -73.9885      0.2074     -0.0754      0.1127      0.2498      0.7612     30.8107     20.2567      0.0159
      0.9533      1.0201     -1.3017      0.1637     -6.0825     -1.5125     40.7679    -73.9894      0.4213     -0.0478      0.0835      0.1784      0.6418     36.9943     12.2270      0.0091
      1.0425      1.1443     -1.3958      0.1105     -6.5125     -1.5944     40.7666    -73.9903      0.2017     -0.0779      0.0938      0.2078      0.6279     29.0437     10.2192      0.0045
      0.7533      0.8422     -1.7117     -0.1184     -6.7058     -1.6058     40.7654    -73.9912      0.2108     -0.0949      0.1476      0.3273      0.5821     22.9546     10.9046      0.0091
      0.8650      0.9438     -1.3533      0.2182     -6.0817     -1.4777     40.7641    -73.9922      0.2343     -0.0779      0.1150      0.2524      0.6233     17.8721     12.0575      0.0272
      1.2975      1.4321     -1.0950      0.4082     -6.3850     -1.5745     40.7629    -73.9931      0.2632     -0.0698      0.1311      0.2872      0.6636     18.3655      8.4144      0.0295
      1.0625      1.2293     -1.4942      0.0843     -6.8233     -1.6616     40.7616    -73.9940      0.1893     -0.0877      0.1427      0.3182      0.6360     21.7655      8.4747      0.0227
      0.9642      1.1467     -1.5567      0.0547     -6.7017     -1.6000     40.7604    -73.9949      0.1978     -0.0938      0.1336      0.2991      0.6043     24.0550      7.2186      0.0204
      1.1450      1.3593     -1.3050      0.2896     -6.4133     -1.5311     40.7591    -73.9958      0.1817     -0.0803      0.1154      0.2560      0.6131     84.3490      6.9483      0.0181
      0.7658      0.8589     -1.4475      0.1015     -5.9183     -1.4182     40.7578    -73.9967      0.1891     -0.0869      0.1297      0.2883      0.7570     45.5484      8.2758      0.0091
      0.4492      0.4920     -1.3425      0.2141     -5.0275     -1.1675     40.7566    -73.9977      0.1710     -0.0876      0.1306      0.2889      0.6923     52.4888     10.8365      0.0091
      0.5592      0.6576     -0.9700      0.5343     -4.2642     -0.9865     40.7553    -73.9986      0.2561     -0.0708      0.1084      0.2386      0.6099     32.4191     11.4579      0.0113
      0.4417      0.5047     -0.9650      0.4925     -4.0217     -0.9703     40.7541    -73.9995      0.1770     -0.0822      0.1181      0.2623      0.6622     37.7555     10.3406      0.0045
      0.4292      0.5513     -0.7525      0.7202     -3.5417     -0.8469     40.7528    -74.0004      0.2243     -0.0813      0.1393      0.3118      0.7312     25.1459      6.4306      0.0045
      0.2333      0.3227     -0.8983      0.5720     -3.4708     -0.8612     40.7516    -74.0013      0.2202     -0.0814      0.1342      0.2983      0.7490     24.7548      5.7814      0.0113
      0.0925      0.1168     -0.8908      0.5958     -3.1217     -0.7504     40.7499    -74.0025      0.1230     -0.1188      0.1579      0.3554      0.6958     29.5652      5.1860      0.0227
     -0.1680     -0.3013      0.1410      0.5958      0.4610      0.2180     40.7483    -74.0037      0.1714     -0.0900      0.1365      0.3055      0.6269     34.0040      3.8515      0.1361
     -0.3800     -0.5462      0.3350      0.8419      1.4650      0.5294     40.7471    -74.0046      0.2044     -0.0950      0.1414      0.3162      0.7286     29.8333      3.3451      0.2268
     -0.3450     -0.4646      0.4480      0.9400      1.6480      0.5265     40.7458    -74.0055      0.1744     -0.0944      0.1379      0.3063      0.7741     15.1045      3.5722      0.2562
     -0.2350     -0.2933      0.3420      0.8773      1.0550      0.3781     40.7446    -74.0064      0.1478     -0.0986      0.1421      0.3188      0.7634     21.1166      3.2888      0.3265
     -0.8680     -1.0517     -0.0660      0.5535      1.5290      0.5376     40.7434    -74.0074      0.2311     -0.0729      0.1056      0.2305      0.7919     48.7181      3.1652      0.3923
     -0.6620     -0.8578      0.5770      1.0594      2.9200      0.8483     40.7421    -74.0083      0.1344     -0.0697      0.0903      0.2020      0.7675     38.4687      2.6834      0.4671
     -0.3670     -0.5674      0.5930      1.1160      2.2070      0.7252     40.7409    -74.0087      0.1410     -0.0737      0.0939      0.2102      0.7406     18.0359      1.9119      0.4853
     -0.4430     -0.6331      0.5250      1.0149      2.2280      0.7158     40.7399    -74.0080      0.1602     -0.0874      0.1279      0.2857      0.7935     19.0359      3.2735      0.3719
     -0.3950     -0.5622      0.6740      1.1890      2.6200      0.8109     40.7385    -74.0081      0.2862     -0.0617      0.1201      0.2649      0.7642      9.8629      3.0179      0.3946
     -0.3830     -0.5618      0.7980      1.3241      3.0100      0.9273     40.7371    -74.0082      0.2483     -0.0623      0.1151      0.2540      0.6674     14.4793      3.3189      0.3810
     -0.3430     -0.4831      0.8920      1.4265      3.1220      0.9482     40.7357    -74.0083      0.3431     -0.0518      0.1049      0.2272      0.6275     15.5035      3.9439      0.3605
     -0.3880     -0.4905      0.8430      1.3570      3.1390      0.8752     40.7343    -74.0085      0.2939     -0.0679      0.1216      0.2660      0.6943     19.7811      4.3807      0.3379
     -0.5930     -0.7010      0.6880      1.2469      3.2840      0.8702     40.7328    -74.0086      0.1984     -0.0904      0.1478      0.3295      0.7149     18.0910      3.3044      0.3719
     -0.6910     -0.9044      0.6950      1.2321      3.5620      0.9406     40.7314    -74.0089      0.2923     -0.0676      0.1358      0.2995      0.6530     15.4752      3.2381      0.3651
     -0.5600     -0.6941      0.8380      1.4257      3.7030      0.9793     40.7300    -74.0091      0.1598     -0.0909      0.1436      0.3221      0.8633     33.1255      2.8857      0.4059
     -0.0570     -0.0576      1.1710      1.6675      3.2670      0.8939     40.7286    -74.0094      0.1472     -0.0937      0.1399      0.3126      0.6298     37.4291      2.8243      0.3991
     -0.0650     -0.0672      0.9590      1.4707      2.6880      0.7280     40.7273    -74.0097      0.1658     -0.0897      0.1343      0.3005      0.6795     30.1654      2.2215      0.4331
     -0.3140     -0.4050      0.5850      1.1439      2.3660      0.6131     40.7259    -74.0099      0.1839     -0.0810      0.1150      0.2559      0.7657     29.9688      2.3005      0.4127
     -0.4170     -0.4775      0.6230      1.1793      2.7090      0.6852     40.7245    -74.0102      0.2808     -0.0634      0.1181      0.2602      0.6869     25.0660      2.1495      0.4444
     -0.6060     -0.6890      0.6060      1.2302      3.0880      0.7877     40.7227    -74.0104      0.1717     -0.0896      0.1245      0.2770      0.7229     27.8111      2.5788      0.4218
     -0.5875     -0.6517     -0.4517     -0.8859     -0.0400      0.0334     40.8044    -73.9353      0.2730     -0.0695      0.1120      0.2449      0.7698     10.3532      4.5196      0.1497
     -0.5550     -0.7220     -0.2900     -0.7839      0.3367      0.1366     40.8032    -73.9361      0.1515     -0.1157      0.1752      0.3932      0.7792     13.9969      5.1828      0.0794
     -0.4567     -0.6236     -0.0725     -0.5456      0.8042      0.2250     40.8019    -73.9370      0.1998     -0.0983      0.1565      0.3486      0.5328     54.3660      4.8578      0.0249
     -0.3325     -0.4863     -0.3192     -0.7924     -0.1350      0.0077     40.8007    -73.9379      0.3196     -0.0569      0.1305      0.2856      0.6730     33.5395      5.0734      0.0000
     -0.0875     -0.1606      0.0633     -0.4174      0.2683      0.0818     40.7995    -73.9388      0.1479     -0.1048      0.1715      0.3858      0.6801     19.2313      5.1408      0.0000
      0.0275     -0.0253      0.0392     -0.4557      0.0567      0.0116     40.7983    -73.9397      0.2049     -0.0939      0.1662      0.3711      0.6188     17.3800      5.4787      0.0000
     -0.0350     -0.1095     -0.2350     -0.6790     -0.4958     -0.1205     40.7971    -73.9406      0.3417     -0.0687      0.1451      0.3211      0.6301     14.3140      5.8537      0.0068
     -0.1125     -0.2000     -0.4100     -0.8743     -0.7592     -0.1588     40.7959    -73.9415      0.5192     -0.0202      0.1220      0.2610      0.4926     12.9532      5.1927      0.0159
      0.1492      0.1620      0.0217     -0.4159     -0.2600     -0.0251     40.7947    -73.9423      0.2445     -0.0854      0.1834      0.4089      0.4829     26.4767      4.5689      0.0113
      0.3542      0.3918     -0.0617     -0.5171     -0.9850     -0.2176     40.7935    -73.9432      0.2322     -0.0798      0.1440      0.3164      0.5710     15.3022      4.5755      0.0136
      0.2775      0.3788     -0.2075     -0.6339     -1.2000     -0.3018     40.7923    -73.9441      0.2543     -0.0802      0.1285      0.2843      0.6232     23.8413      4.9920      0.0023
     -0.4908     -0.5357     -0.5658     -1.0086     -0.4017     -0.1099     40.7910    -73.9450      0.1911     -0.0979      0.1534      0.3433      0.7426     12.0941      5.7730      0.0091
     -0.2508     -0.3361      0.1083     -0.3691      0.8025      0.2255     40.7898    -73.9459      0.2194     -0.0859      0.1487      0.3327      0.6373     15.5585      5.5651      0.0136
     -0.0525     -0.0182     -0.0350     -0.4528     -0.0183      0.0319     40.7886    -73.9468      0.2609     -0.0776      0.1449      0.3221      0.5890     21.3995      5.6212      0.0181
     -0.1250     -0.1598     -0.1217     -0.5772     -0.0033      0.0167     40.7874    -73.9477      0.2345     -0.0810      0.1543      0.3450      0.6122     19.6610      8.0051      0.0317
      0.0442      0.0681     -0.0483     -0.4894     -0.1625     -0.0253     40.7862    -73.9485      0.3574     -0.0521      0.1064      0.2305      0.6159     29.3112      8.5237      0.0363
     -0.1600     -0.1290     -0.2592     -0.6402     -0.2083     -0.0570     40.7850    -73.9494      0.3220     -0.0583      0.1118      0.2446      0.5680     67.6318     12.5629      0.0091
     -0.1583     -0.0905     -0.1633     -0.5807     -0.0500     -0.0307     40.7838    -73.9503      0.3117     -0.0645      0.1069      0.2320      0.6052     40.6848     17.1069      0.0000
     -0.1300     -0.0837     -0.1392     -0.5417     -0.1258     -0.0324     40.7826    -73.9512      0.2419     -0.0791      0.1300      0.2861      0.5229     53.0226     21.6028      0.0000
     -0.2108     -0.2099     -0.0008     -0.4386      0.3508      0.0677     40.7811    -73.9523      0.2507     -0.0687      0.1140      0.2495      0.6625     40.9010     23.8002      0.0000
      0.2525      0.4161      0.0500     -0.4386     -0.6258     -0.2098     40.7795    -73.9534      0.2383     -0.0729      0.1072      0.2356      0.6919     46.7184     23.5731      0.0000
      0.0917      0.2036     -0.5100     -0.9322     -1.6633     -0.4839     40.7783    -73.9543      0.2346     -0.0766      0.1442      0.3185      0.6642     47.0773     22.9214      0.0000
      0.1050      0.1919     -0.3375     -0.7384     -1.1642     -0.3679     40.7770    -73.9552      0.2802     -0.0641      0.1102      0.2402      0.6498     40.8341     23.1450      0.0000
      0.3192      0.5078     -0.1900     -0.5853     -1.2758     -0.4034     40.7758    -73.9562      0.2481     -0.0722      0.1010      0.2231      0.6372     27.3042     20.0690      0.0000
      0.4442      0.6592     -0.4075     -0.7383     -2.1525     -0.6042     40.7745    -73.9571      0.3188     -0.0594      0.1148      0.2506      0.6353     42.6061     16.7538      0.0000
      0.2575      0.4002     -0.5067     -0.8435     -2.0525     -0.5731     40.7733    -73.9580      0.3230     -0.0562      0.1035      0.2260      0.6056     45.0955     15.5872      0.0000
      0.1950      0.3432     -0.4217     -0.7665     -1.6592     -0.4912     40.7721    -73.9589      0.2468     -0.0694      0.1166      0.2574      0.6527     29.4505     15.6794      0.0000
     -0.1233     -0.0470     -0.4683     -0.7576     -0.9742     -0.3034     40.7708    -73.9598      0.3994     -0.0449      0.0917      0.1968      0.6240     30.3465     17.1599      0.0000
     -0.1517     -0.0786     -0.1692     -0.5002     -0.0883     -0.0893     40.7696    -73.9607      0.3401     -0.0513      0.1025      0.2232      0.5757     52.4281     21.0795      0.0000
     -0.5175     -0.3713     -0.5467     -0.6991     -0.0617     -0.0858     40.7683    -73.9616      0.3382     -0.0537      0.0966      0.2095      0.5960     56.4580     23.4725      0.0000
     -0.3658     -0.1425     -0.4275     -0.6098     -0.1017     -0.0820     40.7671    -73.9625      0.2979     -0.0580      0.1117      0.2453      0.5994     69.5433     23.5249      0.0000
      0.1550      0.2885      0.2250     -0.1606      0.3375      0.0122     40.7658    -73.9634      0.2832     -0.0640      0.0884      0.1916      0.4880     88.5682     21.6660      0.0000
      0.2683      0.3646      0.1842     -0.2082     -0.0567     -0.0897     40.7646    -73.9643      0.3370     -0.0496      0.0853      0.1818      0.4506     90.2735     20.5526      0.0000
      0.2692      0.3935      0.2308     -0.1448      0.0325     -0.0618     40.7634    -73.9652      0.2548     -0.0680      0.0912      0.2003      0.5646     55.6040     17.8832      0.0000
     -0.1900     -0.0030     -0.1433     -0.4362      0.1033     -0.0427     40.7621    -73.9661      0.3128     -0.0590      0.0917      0.1981      0.5946     45.7213     16.7594      0.0000
     -0.2908     -0.1043      0.0758     -0.2698      0.8975      0.1393     40.7609    -73.9670      0.1989     -0.0732      0.0956      0.2102      0.8260     29.7244     15.2869      0.0000
      0.1025      0.2083      0.5492      0.0932      1.2433      0.2148     40.7596    -73.9679      0.2968     -0.0614      0.0745      0.1616      0.7380     70.3607     11.8728      0.0000
      0.1725      0.2659      0.4550      0.0265      0.7867      0.0987     40.7584    -73.9688      0.2611     -0.0684      0.0823      0.1804      0.6477     79.9305     11.1211      0.0000
      0.0017      0.0700      0.1075     -0.2393      0.2575      0.0433     40.7571    -73.9697      0.3214     -0.0589      0.0784      0.1687      0.6440     85.0797     11.4583      0.0000
     -0.0583     -0.0128      0.2017     -0.1531      0.5575      0.1189     40.7555    -73.9709      0.2728     -0.0637      0.0884      0.1931      0.6513     82.7042     11.3953      0.0023
     -0.8942     -0.8933     -0.5267     -0.1531      0.5108      0.1132     40.7539    -73.9721      0.3811     -0.0511      0.0760      0.1606      0.5416     92.6990     11.7925      0.0023
     -0.9650     -1.0725     -0.5042     -0.1015      0.7442      0.1773     40.7527    -73.9730      0.3183     -0.0582      0.0806      0.1739      0.6127    102.6025     12.7374      0.0068
     -0.9042     -0.9984     -0.1275      0.2582      1.6317      0.4069     40.7514    -73.9739      0.2776     -0.0648      0.0833      0.1811      0.6532     85.8562     11.4778      0.0136
     -1.0850     -1.1845     -0.3608      0.0175      1.4608      0.3332     40.7502    -73.9748      0.4104     -0.0524      0.0628      0.1316      0.5575    123.6697     10.9008      0.0136
     -0.8942     -0.9682     -0.1883      0.1718      1.4825      0.3274     40.7490    -73.9757      0.2883     -0.0641      0.0778      0.1689      0.6365    109.0777     10.8315      0.0227
     -0.6650     -0.7849     -0.1600      0.2077      1.0475      0.2069     40.7477    -73.9766      0.2390     -0.0770      0.1163      0.2565      0.6421     48.0193     11.6403      0.0204
     -0.8858     -1.1203     -0.5208     -0.2753      0.6408      0.0930     40.7465    -73.9775      0.2518     -0.0669      0.1001      0.2191      0.6583     37.5902      8.8053      0.0295
     -0.9308     -1.1239     -0.4642     -0.2139      0.9550      0.2024     40.7453    -73.9784      0.1974     -0.0884      0.1365      0.3033      0.6414     50.7023      8.1195      0.0091
     -0.3383     -0.4187      0.0658      0.4565      0.9667      0.2274     40.7440    -73.9793      0.2468     -0.0749      0.1191      0.2618      0.6420     40.9494      9.4424      0.0023
     -0.2217     -0.3324     -0.1533      0.2372      0.0592     -0.0018     40.7428    -73.9802      0.2042     -0.0884      0.1405      0.3162      0.6114     34.7882     10.1428      0.0000
     -0.5333     -0.6024     -0.2992      0.0836      0.3208      0.0475     40.7415    -73.9811      0.2359     -0.0716      0.0983      0.2158      0.6700     52.0661      9.7647      0.0000
     -0.5592     -0.7350     -0.0033      0.2939      1.1717      0.2802     40.7403    -73.9820      0.1830     -0.0917      0.1295      0.2889      0.6412     33.4557      9.2330      0.0000
     -0.5217     -0.7327      0.0908      0.3829      1.3783      0.3629     40.7391    -73.9829      0.2278     -0.0752      0.1100      0.2417      0.6711     27.5353      8.0857      0.0000
     -0.6242     -0.8642      0.0067      0.3084      1.4233      0.3856     40.7378    -73.9838      0.2094     -0.0773      0.1158      0.2551      0.7131     30.6336      8.0817      0.0000
     -0.9992     -1.2322     -0.0417      0.2435      2.1775      0.5770     40.7366    -73.9847      0.2573     -0.0680      0.1031      0.2267      0.7581     30.8882      8.5743      0.0000
     -0.9767     -1.2013      0.3433      0.5692      3.1592      0.8093     40.7353    -73.9856      0.3110     -0.0617      0.1193      0.2605      0.6522     36.0649      9.4580      0.0000
     -0.9200     -1.0573      0.4517      0.7075      3.3633      0.8457     40.7341    -73.9865      0.2328     -0.0772      0.1235      0.2716      0.6354     33.5338      9.8919      0.0000
     -1.0433     -1.1866      0.3358      0.5795      3.3617      0.8325     40.7329    -73.9874      0.3455     -0.0557      0.1132      0.2458      0.6018     35.1730     10.6746      0.0000
     -0.6000     -0.7133      0.6792      0.8871      3.1850      0.7930     40.7316    -73.9883      0.1671     -0.1061      0.1690      0.3791      0.6260     25.9364     11.2061      0.0000
     -0.3925     -0.3739      0.7342      1.0005      2.8108      0.6947     40.7299    -73.9896      0.2313     -0.0777      0.1364      0.3029      0.6802     21.1803     12.1776      0.0000
      0.2600      0.2576      0.7027      1.0005      1.6736      0.4271     40.7277    -73.9911      0.2496     -0.0778      0.1501      0.3314      0.8254     23.7302     12.4320      0.0000
      0.4264      0.4213      0.3745      0.7109     -0.0482      0.0612     40.7264    -73.9917      0.2075     -0.0921      0.1567      0.3465      0.7308     27.0876     12.5713      0.0000
      0.7318      0.7958      0.2400      0.5801     -1.0964     -0.2001     40.7251    -73.9922      0.3408     -0.0499      0.1393      0.3021      0.7184     21.6331     12.8393      0.0000
      0.6745      0.7480      0.2636      0.6156     -0.6864     -0.1497     40.7238    -73.9927      0.2501     -0.0708      0.1397      0.3088      0.7012     25.3254     12.9646      0.0000
      0.6900      0.6710      0.0555      0.4478     -1.1427     -0.2731     40.7225    -73.9932      0.3947     -0.0502      0.1474      0.3218      0.7261     26.6521     12.8297      0.0000
      0.6136      0.6249      0.1445      0.5758     -0.5691     -0.1308     40.7211    -73.9937      0.1400     -0.1171      0.1782      0.4027      0.7209     22.3597     12.2273      0.0000
      0.7409      0.8573      0.3918      0.7912     -0.3982     -0.0950     40.7198    -73.9942      0.2185     -0.0828      0.1367      0.3036      0.7261     18.5346     11.4055      0.0000
      0.6273      0.7196      0.1673      0.5585     -0.9218     -0.2178     40.7185    -73.9948      0.2372     -0.0778      0.1226      0.2718      0.7656     17.0481     11.0280      0.0000
      0.8264      0.9358      0.4582      0.7845     -0.6018     -0.1398     40.7171    -73.9955      0.1972     -0.0952      0.1405      0.3136      0.7241     21.9552     12.1093      0.0000
      0.5264      0.5914      0.3245      0.7153     -0.2209     -0.0336     40.7154    -73.9966      0.3250     -0.0723      0.1400      0.3076      0.8098     15.5223     11.3958      0.0045
      0.6027      0.6191      0.4673      0.8204      0.0973      0.0237     40.7139    -73.9978      0.2335     -0.0777      0.1251      0.2738      0.7108     23.0486      9.5310      0.0884
      0.5309      0.5189      0.0800      0.4409     -0.6473     -0.2085     40.7129    -73.9986      0.2731     -0.0751      0.1171      0.2567      0.7618     18.5464      6.6335      0.1451
      0.6245      0.4641      0.2373      0.5548     -0.4964     -0.0959     40.7118    -73.9996      0.2820     -0.0689      0.1240      0.2718      0.7329     10.0024      4.9935      0.2109
      0.7255      0.5553      0.5345      0.9197      0.2627      0.1094     40.7106    -74.0006      0.7595      0.0428      0.1273      0.2645      0.5003     58.3617      6.4450      0.2721
      0.4391      0.3218      0.6509      1.0347      1.2464      0.3165     40.7095    -74.0017      0.3390     -0.0554      0.1333      0.2933      0.7307     32.7742      3.1514      0.3696
      0.1245     -0.0029      0.5891      0.9370      1.8864      0.4131     40.7085    -74.0028      0.2883     -0.0613      0.1323      0.2919      0.7764     26.7555      2.8988      0.4127
     -0.1982     -0.2424      0.6945      1.0150      2.8055      0.6901     40.7075    -74.0039      0.2334     -0.0741      0.1351      0.2990      0.5978     86.4350      1.7904      0.4581
     -0.2209     -0.3027      0.7527      1.0644      3.0891      0.7634     40.7066    -74.0052      0.2036     -0.0879      0.1565      0.3522      0.6519     77.4415      1.5255      0.4218
     -0.0427     -0.1332      0.7218      1.0464      2.7636      0.6930     40.7057    -74.0065      0.1378     -0.1054      0.1515      0.3363      0.5901    122.8474      2.0278      0.4694
     -0.4345     -0.4715      0.5336      0.9285      3.3609      0.8223     40.7046    -74.0081      0.2354     -0.0700      0.1131      0.2498      0.7353     62.9896      2.7260      0.4649
