Observations: differences from average, differences normalized by SD;  Lat, Lon, surface parameters
variable count, bins per route, route count  (xdim, ydim, zdim with line count = ydim*zdim)
           8          20           8
   Tdiff       Tdev        RHdiff      RHdev       DPdiff      DPdev       Lat        Lon
 -1.0161     -1.0027      2.7945      2.5737      4.8455      2.9180     40.8248    -73.9479
 -0.4100     -0.2990      2.8309      2.5620      4.3542      2.4832     40.8237    -73.9487
 -0.3659     -0.2302      2.6528      2.3682      3.6751      2.2565     40.8226    -73.9495
 -0.3042     -0.0819      1.8271      1.6006      2.6630      1.5837     40.8215    -73.9503
 -1.6023     -1.6034      1.1412      0.9997      3.7476      2.0772     40.8204    -73.9511
 -0.1977      0.0177      2.5860      2.2754      3.4687      2.0261     40.8193    -73.9519
 -0.5439     -0.6392      1.6661      1.4427      2.9677      1.6407     40.8182    -73.9527
  1.2493      1.7002      2.6636      2.3048      2.3789      1.2605     40.8171    -73.9535
  0.6687      0.9260      1.2985      1.0713      1.2265      0.6481     40.8160    -73.9543
  0.6454      1.0612      1.3013      1.2594      1.1792      0.6310     40.8149    -73.9551
  1.7340      2.2566      2.1567      1.8583      0.8761      0.3435     40.8138    -73.9559
  2.4008      2.9932      1.9343      1.5630     -0.5282     -0.3497     40.8127    -73.9567
  1.7259      2.0784      0.9601      0.7242     -0.9979     -0.5642     40.8116    -73.9575
  1.8016      2.1394      1.4911      1.2405      0.0440     -0.0121     40.8105    -73.9583
  1.4020      1.6947      1.2264      1.0693      0.2989      0.1090     40.8094    -73.9591
  1.9108      2.2860      1.8753      1.5461      0.5652      0.2216     40.8083    -73.9599
  3.0919      3.5946      1.9326      1.7718     -0.9810     -0.5705     40.8073    -73.9607
  3.3858      3.9396      1.5929      1.4645     -3.8014     -1.7737     40.8062    -73.9615
  3.4160      4.1844      0.4988      0.4408     -4.1604     -2.3043     40.8051    -73.9623
  1.6198      1.9729      0.1319     -0.0532     -1.7947     -1.1190     40.8037    -73.9632
 -3.7792     -4.3853     -0.9709     -0.9590      2.2507      1.5983     40.8023    -73.9643
 -2.2264     -2.7418     -0.1386     -0.0053      2.2593      1.4337     40.8009    -73.9653
 -0.9747     -1.2482     -0.4810     -0.2661      0.6965      0.4070     40.7996    -73.9663
 -1.3015     -1.6866     -1.3703     -1.2254     -0.0052     -0.0747     40.7983    -73.9672
 -1.3647     -1.7783     -0.7902     -0.7470      0.6583      0.3406     40.7969    -73.9682
 -2.3857     -2.9545     -1.0902     -1.1054      1.1239      0.5679     40.7956    -73.9692
 -1.5935     -1.9679     -0.0304     -0.1791      1.7294      1.0236     40.7942    -73.9702
 -1.1110     -1.4702     -0.0771     -0.1657      1.0692      0.5032     40.7929    -73.9711
 -1.2139     -1.5619     -0.3127     -0.3509      0.8162      0.3114     40.7916    -73.9721
 -1.8102     -2.2487     -0.4998     -0.5216      1.1982      0.5010     40.7902    -73.9731
 -1.8216     -2.3018      0.2109      0.0937      2.4238      1.2013     40.7889    -73.9741
 -2.6613     -3.1016     -0.0845     -0.1630      3.3226      1.6991     40.7876    -73.9751
 -2.9198     -3.3145      0.5746      0.4560      4.8294      2.4734     40.7862    -73.9760
 -2.8991     -3.2812      0.8187      0.6785      5.0321      2.6401     40.7849    -73.9770
 -2.4510     -2.8623      0.7573      0.5574      4.8010      2.3231     40.7836    -73.9780
 -1.9062     -2.1345      0.7016      0.5746      4.9693      2.1238     40.7822    -73.9790
  0.3163      0.4157      2.2930      2.0197      4.0099      1.5163     40.7809    -73.9799
  1.1917      1.7371      2.6982      2.3632      2.0259      0.8280     40.7796    -73.9809
 -0.0712      0.0686      0.5306      0.3403      0.3160     -0.0215     40.7782    -73.9819
 -1.0099     -1.1857      1.0475      0.8326      2.3812      1.1429     40.7762    -73.9834
  1.5775      1.5656     -2.6995     -2.6534     -3.9522     -3.0056     40.7742    -73.9849
  3.0727      3.7558     -1.9626     -2.0094     -4.0214     -3.3887     40.7729    -73.9858
  1.8618      2.0087     -3.6116     -3.5018     -4.9655     -4.1400     40.7716    -73.9867
  1.8246      2.1363     -2.9207     -2.8094     -4.9154     -3.5024     40.7704    -73.9876
  1.5313      1.6347     -2.9146     -2.7297     -4.3198     -2.9974     40.7691    -73.9885
  2.0950      2.2624     -2.3237     -2.2248     -4.3475     -3.0986     40.7679    -73.9894
  3.6049      4.2506     -1.9701     -1.9597     -5.3340     -3.9804     40.7666    -73.9903
  2.2988      2.5141     -3.1313     -3.2358     -5.1611     -4.3764     40.7654    -73.9913
  2.1240      2.3412     -2.7707     -2.8145     -5.4276     -4.1418     40.7641    -73.9922
  3.1767      3.8666     -2.0918     -2.0562     -5.1471     -3.8175     40.7628    -73.9931
  2.4042      2.6353     -2.8372     -2.7163     -4.5017     -3.4759     40.7616    -73.9940
  2.0802      2.3741     -2.0991     -2.0120     -3.2407     -2.5411     40.7603    -73.9949
  2.7431      3.5123     -1.2941     -1.1823     -3.2703     -2.5278     40.7591    -73.9958
  1.7537      2.0135     -2.4706     -2.3644     -3.9482     -2.9965     40.7578    -73.9968
  0.4885      0.3831     -3.0344     -2.8608     -3.6326     -2.5702     40.7566    -73.9977
  1.4610      1.7591     -1.2998     -1.2127     -2.6889     -1.8165     40.7553    -73.9986
  1.1225      1.2576     -1.8868     -1.7753     -3.4823     -2.1818     40.7541    -73.9995
  1.4781      1.8336     -0.9840     -0.8883     -3.1152     -1.7225     40.7528    -74.0004
  1.4495      1.7990     -0.5878     -0.5611     -2.7486     -1.4974     40.7515    -74.0013
  0.7442      0.9107     -1.4979     -1.3614     -3.7734     -1.8987     40.7499    -74.0025
 -1.6812     -2.1844      0.2661      0.1107      1.2064      1.4592     40.7483    -74.0037
 -1.7870     -2.2722      1.1671      1.0711      2.3148      2.3053     40.7470    -74.0046
 -1.3809     -1.6790      1.5509      1.4119      2.5031      2.1590     40.7458    -74.0056
 -1.0063     -1.2056      0.2855      0.3159      0.9091      0.8436     40.7445    -74.0065
 -2.5352     -2.9175     -0.0020      0.1223      1.6974      1.6218     40.7433    -74.0074
 -3.3470     -4.1621      1.0607      0.9723      6.2175      3.3850     40.7421    -74.0083
 -1.9838     -2.6159      2.1426      2.0145      4.3406      3.2842     40.7408    -74.0086
 -2.1761     -2.9829      2.0818      1.8628      4.6602      3.3643     40.7397    -74.0080
 -2.4247     -3.1551      1.3871      1.3288      4.8291      3.0777     40.7383    -74.0081
 -2.6614     -3.3560      2.3544      2.2453      7.0415      4.1379     40.7369    -74.0082
 -2.5240     -3.1862      3.0599      2.8811      8.0784      4.3736     40.7355    -74.0083
 -2.0460     -2.5761      3.5487      3.2802      9.1250      4.2786     40.7341    -74.0085
 -2.9596     -3.4902      2.1070      1.9964      9.3144      3.7987     40.7326    -74.0086
 -2.5420     -3.1625      2.4932      2.1513      9.2487      3.7424     40.7312    -74.0089
 -2.7257     -3.3370      1.3932      1.4162      8.1409      3.0970     40.7298    -74.0092
 -0.4219     -0.4506      3.1289      2.9456      7.3537      3.0166     40.7284    -74.0095
 -0.0866     -0.0222      3.7973      3.4418      6.8117      3.0472     40.7270    -74.0097
 -0.7171     -0.8126      1.2769      1.2312      3.2899      1.3269     40.7257    -74.0100
  0.9010      1.2446      2.5883      2.4262      1.6666      0.7610     40.7242    -74.0102
 -0.5246     -0.3792      0.8272      0.9523      1.1903      0.6158     40.7225    -74.0105
 -3.0261     -3.4531     -0.4418     -0.4819      2.4238      1.7414     40.8044    -73.9353
 -2.4959     -3.0926     -0.0393     -0.1990      2.8491      1.6928     40.8031    -73.9361
 -1.0335     -1.2559      0.4538      0.3283      2.3616      1.0527     40.8019    -73.9371
 -0.8843     -1.1685     -0.8434     -0.8748     -0.1679     -0.0211     40.8007    -73.9380
  0.2631      0.2860      0.2414      0.1602     -0.1513     -0.1068     40.7995    -73.9388
  0.2613      0.2471     -0.0285     -0.1250     -0.4003     -0.2468     40.7983    -73.9397
  0.1568      0.0998     -0.6062     -0.6141     -0.9853     -0.5605     40.7970    -73.9406
 -0.4091     -0.6149     -0.9586     -0.9982     -0.6765     -0.3648     40.7958    -73.9415
  0.4589      0.5013      0.6091      0.5564      0.3607      0.4106     40.7946    -73.9424
  1.9698      2.3625      0.6809      0.5603     -0.8699     -0.4972     40.7934    -73.9433
  1.4367      1.8562     -0.3019     -0.3112     -1.9070     -1.1667     40.7921    -73.9442
 -0.8702     -0.8491     -1.5189     -1.4924     -1.0552     -0.7320     40.7909    -73.9451
  0.1813      0.2313      0.8712      0.7121      0.7577      0.4537     40.7897    -73.9460
  0.6787      1.0108      0.5923      0.5595     -0.1616     -0.0016     40.7885    -73.9469
  0.3448      0.4804      0.1515      0.0557     -0.2184     -0.0911     40.7872    -73.9478
  0.6588      0.9114     -0.1288     -0.1474     -1.0481     -0.5203     40.7860    -73.9487
 -0.0161      0.2006     -1.4163     -1.2026     -1.9599     -1.0902     40.7848    -73.9496
  0.1592      0.5000     -0.4097     -0.3914     -0.8131     -0.5274     40.7836    -73.9505
  1.0743      1.4864      0.3156      0.3020     -1.0133     -0.6690     40.7823    -73.9514
  1.1607      1.5664     -0.5788     -0.5177     -1.8339     -1.5003     40.7809    -73.9524
  0.5212      0.7891     -0.7463     -0.9316     -1.1496     -1.3320     40.7795    -73.9534
  0.2995      0.5394     -2.3297     -2.3233     -2.9409     -2.4455     40.7783    -73.9544
  0.5567      0.8273     -2.2688     -2.2948     -3.1345     -2.6114     40.7770    -73.9553
  1.0567      1.5188     -2.2444     -2.2036     -3.4040     -2.8729     40.7757    -73.9562
  1.2284      1.6610     -2.6722     -2.5077     -4.1620     -3.3151     40.7745    -73.9571
  1.0470      1.4426     -2.9155     -2.8073     -4.3341     -3.4078     40.7732    -73.9580
  1.0695      1.6042     -2.9583     -2.8872     -3.9347     -3.3051     40.7719    -73.9589
  0.0989      0.4049     -3.0330     -2.8640     -3.2206     -2.8076     40.7707    -73.9599
  0.1013      0.4178     -2.2995     -2.1356     -2.4794     -2.2287     40.7694    -73.9608
 -0.8411     -0.5542     -2.2578     -2.1311     -2.3063     -2.1305     40.7682    -73.9617
 -0.8962     -0.7374     -1.7830     -1.7294     -1.9991     -1.7068     40.7669    -73.9626
  0.1008      0.2971     -1.1545     -1.0794     -1.6247     -1.4490     40.7656    -73.9635
  0.7123      0.9302     -1.1513     -1.1181     -2.1451     -1.8275     40.7644    -73.9644
  0.7452      1.0742     -1.1222     -1.0220     -2.1647     -1.8224     40.7631    -73.9654
  0.1571      0.8183     -1.6198     -1.4993     -2.3329     -1.9963     40.7619    -73.9663
  0.2621      1.0076     -1.3460     -1.2725     -1.8908     -1.8199     40.7606    -73.9672
  1.8236      2.4795     -0.5723     -0.6237     -1.8321     -1.8777     40.7593    -73.9681
  1.9659      2.6369     -0.9369     -0.9314     -2.3220     -2.2349     40.7581    -73.9690
  1.3024      1.8057     -1.3695     -1.2409     -2.4254     -2.1285     40.7568    -73.9700
  1.2544      1.7348     -1.1521     -1.0212     -2.3603     -1.9905     40.7554    -73.9710
 -1.7257     -1.7095     -0.3815     -0.2997      0.8453      0.5368     40.7539    -73.9721
 -3.8766     -4.7000     -2.0268     -1.6527      0.7257      0.3295     40.7527    -73.9730
 -2.7651     -3.1845     -0.5323     -0.2859      2.1138      1.0958     40.7515    -73.9738
 -3.7871     -4.4904     -1.9729     -1.6651      1.3160      0.5746     40.7503    -73.9747
 -2.9618     -3.3072     -1.5819     -1.3601      0.7227      0.2176     40.7490    -73.9756
 -1.2650     -1.3508     -1.5900     -1.3222     -0.7253     -0.8596     40.7478    -73.9765
 -2.9022     -3.8112     -3.0995     -3.0457     -1.2692     -1.2774     40.7466    -73.9774
 -2.4480     -2.9370     -2.7023     -2.5476     -0.7285     -0.7811     40.7454    -73.9783
 -1.8620     -2.4439     -1.5220     -1.1605     -0.3981     -0.4651     40.7442    -73.9792
 -0.4733     -0.7130     -1.6069     -1.2836     -1.5767     -1.1739     40.7429    -73.9801
 -2.1692     -2.4239     -2.5473     -2.2063     -1.3471     -0.9866     40.7417    -73.9810
 -2.4022     -2.9875     -1.3324     -1.2159      0.5033      0.1547     40.7405    -73.9819
 -2.6254     -3.4101     -1.4399     -1.3372      0.6466      0.3212     40.7393    -73.9827
 -2.5429     -3.4018     -1.2692     -1.1919      0.8516      0.4942     40.7381    -73.9837
 -4.5765     -5.3939     -1.7893     -1.7572      2.3025      1.2665     40.7368    -73.9845
 -3.2560     -3.8592      0.1953      0.0799      3.5488      1.9262     40.7356    -73.9854
 -2.5218     -2.9604      0.1041      0.0921      2.2729      1.2953     40.7344    -73.9863
 -3.1307     -3.6473     -1.0728     -1.0834      0.8705      0.4384     40.7332    -73.9872
 -1.4826     -1.6648     -0.2521     -0.2991      0.5013      0.1573     40.7320    -73.9881
 -0.6838     -0.5090      0.3121      0.3530      0.6100      0.2220     40.7301    -73.9895
  1.1343      1.2931      3.8712      3.7423      4.1414      3.4082     40.7277    -73.9911
  0.7344      0.6461      3.1501      2.9669      2.4868      2.2984     40.7264    -73.9917
  1.9069      2.0863      2.4947      2.3095      1.3927      1.4663     40.7251    -73.9922
  2.0209      2.2782      2.7789      2.6574      1.9513      1.6758     40.7237    -73.9927
  1.5617      1.6570      2.0616      1.9573      1.1803      1.0547     40.7224    -73.9932
  1.5459      1.7084      2.2494      2.3263      1.8014      1.5934     40.7211    -73.9937
  2.7668      3.2692      3.0173      3.0266      1.9885      1.6356     40.7198    -73.9942
  2.0576      2.4901      2.1515      2.1021      0.8855      0.7402     40.7184    -73.9948
  2.4799      2.9680      3.0132      2.7310      1.4225      1.1333     40.7171    -73.9956
  2.0470      2.4833      2.7180      2.6967      1.8705      1.4766     40.7153    -73.9967
  2.1419      2.4074      3.0589      2.8846      1.9872      1.4117     40.7138    -73.9979
  1.2459      1.2894      1.7224      1.5773      1.2968      0.9821     40.7128    -73.9986
  2.9633      3.3532      2.9634      2.7457      1.6113      1.4332     40.7117    -73.9997
  3.0969      3.5354      3.4011      3.3887      0.7755      0.7522     40.7105    -74.0007
  2.2464      2.6832      2.9477      2.9073      0.6261      0.4698     40.7094    -74.0018
  0.7176      0.7449      2.2823      2.1988      2.0711      1.3883     40.7084    -74.0029
  0.1650      0.2963      3.2182      3.1344      4.4787      3.1293     40.7074    -74.0041
  0.2545      0.3244      3.9865      3.7274      5.6933      3.6933     40.7065    -74.0054
  0.8538      0.9486      3.8192      3.6288      4.4458      3.2314     40.7056    -74.0067
  0.3785      0.7424      2.8055      2.7621      4.1329      2.9134     40.7046    -74.0082
